N M: base: 
 base=(4)  2I=(+1 -1 +3 -3)  2J=(+1 -1 +3 -3 )
 conv 3.02108e-23
 iter 4
 roots (0.0787492,0) (0.256362,0) (-0.256362,0) (-0.0787492,0)
 dirty (0.5,0) (1.5,0) (-1.5,0) (-0.5,0)

 base=(4)  2I=(+1 -1 +3 +5)  2J=(+1 -1 +3 +5 )
 conv 6.78919e-22
 iter 14
 roots (0.0485441,0) (-0.108553,0) (0.21904,0) (0.467018,0)
 dirty (0.5,0) (-0.5,0) (1.5,0) (2.5,0)

 base=(4)  2I=(+1 -1 -3 +5)  2J=(+1 -1 -3 +5 )
 conv 3.68455e-21
 iter 13
 roots (0.0687619,0) (-0.0876466,0) (-0.265996,0) (0.502182,0)
 dirty (0.5,0) (-0.5,0) (-1.5,0) (2.5,0)

 base=(4)  2I=(+1 +3 -3 +5)  2J=(+1 +3 -3 +5 )
 conv 8.29608e-21
 iter 13
 roots (0.055533,0) (0.226608,0) (-0.281725,0) (0.477487,0)
 dirty (0.5,0) (1.5,0) (-1.5,0) (2.5,0)

 base=(4)  2I=(-1 +3 -3 +5)  2J=(-1 +3 -3 +5 )
 conv 5.9885e-21
 iter 13
 roots (-0.0943434,0) (0.233874,0) (-0.27373,0) (0.488211,0)
 dirty (-0.5,0) (1.5,0) (-1.5,0) (2.5,0)

 base=(4)  2I=(+1 -1 +3 -5)  2J=(+1 -1 +3 -5 )
 conv 3.75157e-21
 iter 13
 roots (0.0876466,0) (-0.0687619,0) (0.265996,0) (-0.502182,0)
 dirty (0.5,0) (-0.5,0) (1.5,0) (-2.5,0)

 base=(4)  2I=(+1 -1 -3 -5)  2J=(+1 -1 -3 -5 )
 conv 7.00771e-22
 iter 14
 roots (0.108553,0) (-0.0485441,0) (-0.21904,0) (-0.467018,0)
 dirty (0.5,0) (-0.5,0) (-1.5,0) (-2.5,0)

 base=(4)  2I=(+1 +3 -3 -5)  2J=(+1 +3 -3 -5 )
 conv 7.56392e-21
 iter 13
 roots (0.0943434,0) (0.27373,0) (-0.233874,0) (-0.488211,0)
 dirty (0.5,0) (1.5,0) (-1.5,0) (-2.5,0)

 base=(4)  2I=(-1 +3 -3 -5)  2J=(-1 +3 -3 -5 )
 conv 4.33281e-22
 iter 14
 roots (-0.055533,0) (0.281725,0) (-0.226608,0) (-0.477487,0)
 dirty (-0.5,0) (1.5,0) (-1.5,0) (-2.5,0)

 base=(4)  2I=(+1 -1 +5 -5)  2J=(+1 -1 +5 -5 )
 conv 1.04927e-23
 iter 6
 roots (0.0775874,0) (0.514927,0) (-0.514927,0) (-0.0775874,0)
 dirty (0.5,0) (2.5,0) (-2.5,0) (-0.5,0)

 base=(4)  2I=(+1 +3 +5 -5)  2J=(+1 +3 +5 -5 )
 conv 1.23997e-21
 iter 14
 roots (0.0645312,0) (0.235971,0) (0.490014,0) (-0.53695,0)
 dirty (0.5,0) (1.5,0) (2.5,0) (-2.5,0)

 base=(4)  2I=(-1 +3 +5 -5)  2J=(-1 +3 +5 -5 )
 conv 9.076e-22
 iter 14
 roots (-0.0841432,0) (0.243173,0) (0.500741,0) (-0.525522,0)
 dirty (-0.5,0) (1.5,0) (2.5,0) (-2.5,0)

 base=(4)  2I=(+1 -3 +5 -5)  2J=(+1 -3 +5 -5 )
 conv 4.16391e-22
 iter 14
 roots (0.0841432,0) (-0.243173,0) (0.525522,0) (-0.500741,0)
 dirty (0.5,0) (-1.5,0) (2.5,0) (-2.5,0)

 base=(4)  2I=(-1 -3 +5 -5)  2J=(-1 -3 +5 -5 )
 conv 9.62562e-21
 iter 13
 roots (-0.0645312,0) (-0.235971,0) (0.53695,0) (-0.490014,0)
 dirty (-0.5,0) (-1.5,0) (2.5,0) (-2.5,0)

 base=(4)  2I=(+3 -3 +5 -5)  2J=(+3 -3 +5 -5 )
 conv 1.34499e-21
 iter 7
 roots (0.250465,0) (0.511064,0) (-0.511064,0) (-0.250465,0)
 dirty (1.5,0) (2.5,0) (-2.5,0) (-1.5,0)

 base=(4)  2I=(+1 -1 +3 +7)  2J=(+1 -1 +3 +7 )
 conv 7.79137e-21
 iter 20
 roots (0.0331361,0) (-0.122212,0) (0.197207,0) (0.999291,0)
 dirty (0.5,0) (-0.5,0) (1.5,0) (3.5,0)

 base=(4)  2I=(+1 -1 -3 +7)  2J=(+1 -1 -3 +7 )
 conv 1.69207e-21
 iter 19
 roots (0.0524455,0) (-0.101722,0) (-0.280951,0) (1.06464,0)
 dirty (0.5,0) (-0.5,0) (-1.5,0) (3.5,0)

 base=(4)  2I=(+1 +3 -3 +7)  2J=(+1 +3 -3 +7 )
 conv 2.94981e-21
 iter 20
 roots (0.0399914,0) (0.204367,0) (-0.296434,0) (1.01873,0)
 dirty (0.5,0) (1.5,0) (-1.5,0) (3.5,0)

 base=(4)  2I=(-1 +3 -3 +7)  2J=(-1 +3 -3 +7 )
 conv 9.40012e-21
 iter 19
 roots (-0.108094,0) (0.211067,0) (-0.288449,0) (1.03861,0)
 dirty (-0.5,0) (1.5,0) (-1.5,0) (3.5,0)

 base=(4)  2I=(+1 -1 +5 +7)  2J=(+1 -1 +5 +7 )
 conv 1.38058e-21
 iter 22
 roots (0.0253972,0) (-0.129672,0) (0.407749,0) (0.957799,0)
 dirty (0.5,0) (-0.5,0) (2.5,0) (3.5,0)

 base=(4)  2I=(+1 +3 +5 +7)  2J=(+1 +3 +5 +7 )
 conv 7.36072e-21
 iter 22
 roots (0.0132173,0) (0.174141,0) (0.389494,0) (0.915744,0)
 dirty (0.5,0) (1.5,0) (2.5,0) (3.5,0)

 base=(4)  2I=(-1 +3 +5 +7)  2J=(-1 +3 +5 +7 )
 conv 3.7322e-21
 iter 22
 roots (-0.136012,0) (0.180587,0) (0.397893,0) (0.934337,0)
 dirty (-0.5,0) (1.5,0) (2.5,0) (3.5,0)

 base=(4)  2I=(+1 -3 +5 +7)  2J=(+1 -3 +5 +7 )
 conv 4.99202e-21
 iter 21
 roots (0.0322208,0) (-0.30487,0) (0.416567,0) (0.976513,0)
 dirty (0.5,0) (-1.5,0) (2.5,0) (3.5,0)

 base=(4)  2I=(-1 -3 +5 +7)  2J=(-1 -3 +5 +7 )
 conv 2.06274e-21
 iter 21
 roots (-0.115538,0) (-0.296855,0) (0.425205,0) (0.995486,0)
 dirty (-0.5,0) (-1.5,0) (2.5,0) (3.5,0)

 base=(4)  2I=(+3 -3 +5 +7)  2J=(+3 -3 +5 +7 )
 conv 1.82777e-21
 iter 22
 roots (0.187593,0) (-0.312394,0) (0.40661,0) (0.952867,0)
 dirty (1.5,0) (-1.5,0) (2.5,0) (3.5,0)

 base=(4)  2I=(+1 -1 -5 +7)  2J=(+1 -1 -5 +7 )
 conv 5.73911e-21
 iter 18
 roots (0.0611814,0) (-0.091535,0) (-0.534697,0) (1.08801,0)
 dirty (0.5,0) (-0.5,0) (-2.5,0) (3.5,0)

 base=(4)  2I=(+1 +3 -5 +7)  2J=(+1 +3 -5 +7 )
 conv 9.81867e-21
 iter 19
 roots (0.0489158,0) (0.213334,0) (-0.556539,0) (1.04215,0)
 dirty (0.5,0) (1.5,0) (-2.5,0) (3.5,0)

 base=(4)  2I=(-1 +3 -5 +7)  2J=(-1 +3 -5 +7 )
 conv 3.05965e-21
 iter 19
 roots (-0.0977598,0) (0.219961,0) (-0.54505,0) (1.06186,0)
 dirty (-0.5,0) (1.5,0) (-2.5,0) (3.5,0)

 base=(4)  2I=(+1 -3 -5 +7)  2J=(+1 -3 -5 +7 )
 conv 1.70182e-21
 iter 18
 roots (0.0675651,0) (-0.257574,0) (-0.520154,0) (1.10692,0)
 dirty (0.5,0) (-1.5,0) (-2.5,0) (3.5,0)

 base=(4)  2I=(-1 -3 -5 +7)  2J=(-1 -3 -5 +7 )
 conv 5.38736e-21
 iter 17
 roots (-0.078655,0) (-0.250428,0) (-0.509387,0) (1.12709,0)
 dirty (-0.5,0) (-1.5,0) (-2.5,0) (3.5,0)

 base=(4)  2I=(+3 -3 -5 +7)  2J=(+3 -3 -5 +7 )
 conv 9.87556e-22
 iter 19
 roots (0.226818,0) (-0.264614,0) (-0.530232,0) (1.08057,0)
 dirty (1.5,0) (-1.5,0) (-2.5,0) (3.5,0)

 base=(4)  2I=(+1 +5 -5 +7)  2J=(+1 +5 -5 +7 )
 conv 1.94923e-21
 iter 21
 roots (0.0411495,0) (0.427309,0) (-0.56791,0) (0.999177,0)
 dirty (0.5,0) (2.5,0) (-2.5,0) (3.5,0)

 base=(4)  2I=(-1 +5 -5 +7)  2J=(-1 +5 -5 +7 )
 conv 6.66803e-21
 iter 20
 roots (-0.105096,0) (0.435906,0) (-0.556349,0) (1.018,0)
 dirty (-0.5,0) (2.5,0) (-2.5,0) (3.5,0)

 base=(4)  2I=(+3 +5 -5 +7)  2J=(+3 +5 -5 +7 )
 conv 6.04716e-21
 iter 21
 roots (0.196451,0) (0.417275,0) (-0.578369,0) (0.975401,0)
 dirty (1.5,0) (2.5,0) (-2.5,0) (3.5,0)

 base=(4)  2I=(-3 +5 -5 +7)  2J=(-3 +5 -5 +7 )
 conv 2.70338e-21
 iter 20
 roots (-0.272629,0) (0.444478,0) (-0.541298,0) (1.03602,0)
 dirty (-1.5,0) (2.5,0) (-2.5,0) (3.5,0)

 base=(4)  2I=(+1 -1 +3 -7)  2J=(+1 -1 +3 -7 )
 conv 1.69453e-21
 iter 19
 roots (0.101722,0) (-0.0524455,0) (0.280951,0) (-1.06464,0)
 dirty (0.5,0) (-0.5,0) (1.5,0) (-3.5,0)

 base=(4)  2I=(+1 -1 -3 -7)  2J=(+1 -1 -3 -7 )
 conv 7.81324e-21
 iter 20
 roots (0.122212,0) (-0.0331361,0) (-0.197207,0) (-0.999291,0)
 dirty (0.5,0) (-0.5,0) (-1.5,0) (-3.5,0)

 base=(4)  2I=(+1 +3 -3 -7)  2J=(+1 +3 -3 -7 )
 conv 9.56883e-21
 iter 19
 roots (0.108094,0) (0.288449,0) (-0.211067,0) (-1.03861,0)
 dirty (0.5,0) (1.5,0) (-1.5,0) (-3.5,0)

 base=(4)  2I=(-1 +3 -3 -7)  2J=(-1 +3 -3 -7 )
 conv 2.99855e-21
 iter 20
 roots (-0.0399914,0) (0.296434,0) (-0.204367,0) (-1.01873,0)
 dirty (-0.5,0) (1.5,0) (-1.5,0) (-3.5,0)

 base=(4)  2I=(+1 -1 +5 -7)  2J=(+1 -1 +5 -7 )
 conv 5.73339e-21
 iter 18
 roots (0.091535,0) (-0.0611814,0) (0.534697,0) (-1.08801,0)
 dirty (0.5,0) (-0.5,0) (2.5,0) (-3.5,0)

 base=(4)  2I=(+1 +3 +5 -7)  2J=(+1 +3 +5 -7 )
 conv 5.38173e-21
 iter 17
 roots (0.078655,0) (0.250428,0) (0.509387,0) (-1.12709,0)
 dirty (0.5,0) (1.5,0) (2.5,0) (-3.5,0)

 base=(4)  2I=(-1 +3 +5 -7)  2J=(-1 +3 +5 -7 )
 conv 1.70074e-21
 iter 18
 roots (-0.0675651,0) (0.257574,0) (0.520154,0) (-1.10692,0)
 dirty (-0.5,0) (1.5,0) (2.5,0) (-3.5,0)

 base=(4)  2I=(+1 -3 +5 -7)  2J=(+1 -3 +5 -7 )
 conv 3.05887e-21
 iter 19
 roots (0.0977598,0) (-0.219961,0) (0.54505,0) (-1.06186,0)
 dirty (0.5,0) (-1.5,0) (2.5,0) (-3.5,0)

 base=(4)  2I=(-1 -3 +5 -7)  2J=(-1 -3 +5 -7 )
 conv 9.81702e-21
 iter 19
 roots (-0.0489158,0) (-0.213334,0) (0.556539,0) (-1.04215,0)
 dirty (-0.5,0) (-1.5,0) (2.5,0) (-3.5,0)

 base=(4)  2I=(+3 -3 +5 -7)  2J=(+3 -3 +5 -7 )
 conv 9.85479e-22
 iter 19
 roots (0.264614,0) (-0.226818,0) (0.530232,0) (-1.08057,0)
 dirty (1.5,0) (-1.5,0) (2.5,0) (-3.5,0)

 base=(4)  2I=(+1 -1 -5 -7)  2J=(+1 -1 -5 -7 )
 conv 1.38445e-21
 iter 22
 roots (0.129672,0) (-0.0253972,0) (-0.407749,0) (-0.957799,0)
 dirty (0.5,0) (-0.5,0) (-2.5,0) (-3.5,0)

 base=(4)  2I=(+1 +3 -5 -7)  2J=(+1 +3 -5 -7 )
 conv 2.06226e-21
 iter 21
 roots (0.115538,0) (0.296855,0) (-0.425205,0) (-0.995486,0)
 dirty (0.5,0) (1.5,0) (-2.5,0) (-3.5,0)

 base=(4)  2I=(-1 +3 -5 -7)  2J=(-1 +3 -5 -7 )
 conv 4.99112e-21
 iter 21
 roots (-0.0322208,0) (0.30487,0) (-0.416567,0) (-0.976513,0)
 dirty (-0.5,0) (1.5,0) (-2.5,0) (-3.5,0)

 base=(4)  2I=(+1 -3 -5 -7)  2J=(+1 -3 -5 -7 )
 conv 3.73179e-21
 iter 22
 roots (0.136012,0) (-0.180587,0) (-0.397893,0) (-0.934337,0)
 dirty (0.5,0) (-1.5,0) (-2.5,0) (-3.5,0)

 base=(4)  2I=(-1 -3 -5 -7)  2J=(-1 -3 -5 -7 )
 conv 7.35869e-21
 iter 22
 roots (-0.0132173,0) (-0.174141,0) (-0.389494,0) (-0.915744,0)
 dirty (-0.5,0) (-1.5,0) (-2.5,0) (-3.5,0)

 base=(4)  2I=(+3 -3 -5 -7)  2J=(+3 -3 -5 -7 )
 conv 1.84995e-21
 iter 22
 roots (0.312394,0) (-0.187593,0) (-0.40661,0) (-0.952867,0)
 dirty (1.5,0) (-1.5,0) (-2.5,0) (-3.5,0)

 base=(4)  2I=(+1 +5 -5 -7)  2J=(+1 +5 -5 -7 )
 conv 7.11358e-21
 iter 20
 roots (0.105096,0) (0.556349,0) (-0.435906,0) (-1.018,0)
 dirty (0.5,0) (2.5,0) (-2.5,0) (-3.5,0)

 base=(4)  2I=(-1 +5 -5 -7)  2J=(-1 +5 -5 -7 )
 conv 2.07242e-21
 iter 21
 roots (-0.0411495,0) (0.56791,0) (-0.427309,0) (-0.999177,0)
 dirty (-0.5,0) (2.5,0) (-2.5,0) (-3.5,0)

 base=(4)  2I=(+3 +5 -5 -7)  2J=(+3 +5 -5 -7 )
 conv 2.897e-21
 iter 20
 roots (0.272629,0) (0.541298,0) (-0.444478,0) (-1.03602,0)
 dirty (1.5,0) (2.5,0) (-2.5,0) (-3.5,0)

 base=(4)  2I=(-3 +5 -5 -7)  2J=(-3 +5 -5 -7 )
 conv 6.39413e-21
 iter 21
 roots (-0.196451,0) (0.578369,0) (-0.417275,0) (-0.975401,0)
 dirty (-1.5,0) (2.5,0) (-2.5,0) (-3.5,0)

 base=(4)  2I=(+1 -1 +7 -7)  2J=(+1 -1 +7 -7 )
 conv 1.99735e-23
 iter 6
 roots (0.0749615,0) (1.12614,0) (-1.12614,0) (-0.0749615,0)
 dirty (0.5,0) (3.5,0) (-3.5,0) (-0.5,0)

 base=(4)  2I=(+1 +3 +7 -7)  2J=(+1 +3 +7 -7 )
 conv 8.06096e-21
 iter 19
 roots (0.0628713,0) (0.227121,0) (1.08022,0) (-1.16426,0)
 dirty (0.5,0) (1.5,0) (3.5,0) (-3.5,0)

 base=(4)  2I=(-1 +3 +7 -7)  2J=(-1 +3 +7 -7 )
 conv 3.48584e-21
 iter 19
 roots (-0.0810202,0) (0.233692,0) (1.09975,0) (-1.14432,0)
 dirty (-0.5,0) (1.5,0) (3.5,0) (-3.5,0)

 base=(4)  2I=(+1 -3 +7 -7)  2J=(+1 -3 +7 -7 )
 conv 2.20948e-21
 iter 19
 roots (0.0810202,0) (-0.233692,0) (1.14432,0) (-1.09975,0)
 dirty (0.5,0) (-1.5,0) (3.5,0) (-3.5,0)

 base=(4)  2I=(-1 -3 +7 -7)  2J=(-1 -3 +7 -7 )
 conv 4.47697e-21
 iter 19
 roots (-0.0628713,0) (-0.227121,0) (1.16426,0) (-1.08022,0)
 dirty (-0.5,0) (-1.5,0) (3.5,0) (-3.5,0)

 base=(4)  2I=(+3 -3 +7 -7)  2J=(+3 -3 +7 -7 )
 conv 7.68526e-22
 iter 8
 roots (0.24031,0) (1.11776,0) (-1.11776,0) (-0.24031,0)
 dirty (1.5,0) (3.5,0) (-3.5,0) (-1.5,0)

 base=(4)  2I=(+1 +5 +7 -7)  2J=(+1 +5 +7 -7 )
 conv 1.41655e-21
 iter 21
 roots (0.05506,0) (0.44371,0) (1.03598,0) (-1.18406,0)
 dirty (0.5,0) (2.5,0) (3.5,0) (-3.5,0)

 base=(4)  2I=(-1 +5 +7 -7)  2J=(-1 +5 +7 -7 )
 conv 5.40597e-21
 iter 20
 roots (-0.0882478,0) (0.452299,0) (1.05465,0) (-1.16422,0)
 dirty (-0.5,0) (2.5,0) (3.5,0) (-3.5,0)

 base=(4)  2I=(+3 +5 +7 -7)  2J=(+3 +5 +7 -7 )
 conv 4.67207e-21
 iter 21
 roots (0.209977,0) (0.433508,0) (1.0119,0) (-1.20183,0)
 dirty (1.5,0) (2.5,0) (3.5,0) (-3.5,0)

 base=(4)  2I=(-3 +5 +7 -7)  2J=(-3 +5 +7 -7 )
 conv 2.71891e-21
 iter 20
 roots (-0.247946,0) (0.460641,0) (1.07202,0) (-1.13756,0)
 dirty (-1.5,0) (2.5,0) (3.5,0) (-3.5,0)

 base=(4)  2I=(+1 -5 +7 -7)  2J=(+1 -5 +7 -7 )
 conv 2.6838e-21
 iter 20
 roots (0.0882478,0) (-0.452299,0) (1.16422,0) (-1.05465,0)
 dirty (0.5,0) (-2.5,0) (3.5,0) (-3.5,0)

 base=(4)  2I=(-1 -5 +7 -7)  2J=(-1 -5 +7 -7 )
 conv 6.60947e-21
 iter 20
 roots (-0.05506,0) (-0.44371,0) (1.18406,0) (-1.03598,0)
 dirty (-0.5,0) (-2.5,0) (3.5,0) (-3.5,0)

 base=(4)  2I=(+3 -5 +7 -7)  2J=(+3 -5 +7 -7 )
 conv 1.35017e-21
 iter 20
 roots (0.247946,0) (-0.460641,0) (1.13756,0) (-1.07202,0)
 dirty (1.5,0) (-2.5,0) (3.5,0) (-3.5,0)

 base=(4)  2I=(-3 -5 +7 -7)  2J=(-3 -5 +7 -7 )
 conv 2.46956e-21
 iter 21
 roots (-0.209977,0) (-0.433508,0) (1.20183,0) (-1.0119,0)
 dirty (-1.5,0) (-2.5,0) (3.5,0) (-3.5,0)

 base=(4)  2I=(+5 -5 +7 -7)  2J=(+5 -5 +7 -7 )
 conv 2.17765e-27
 iter 18
 roots (0.469994,0) (1.09122,0) (-1.09122,0) (-0.469994,0)
 dirty (2.5,0) (3.5,0) (-3.5,0) (-2.5,0)
70 states scanned
0 not converged: 

 base=(2 1)  2I=(+1 -1 +0)  2J=(+1 -1 +12 )
 conv 7.81606e-23
 iter 3
 roots (0.0819936,0) (-0.0819936,0) (0,0.5) (-0,-0.5)
 dirty (0.5,0) (-0.5,0) (5.5,44.8195) (-5.5,-44.8195)

 base=(2 1)  2I=(+1 +3 +0)  2J=(+1 +3 +12 )
 conv 2.6122e-21
 iter 24
 roots (0.0797015,0) (0.261855,0) (-0.117445,0.5) (-0.117445,-0.5)
 dirty (0.5,0) (1.5,0) (-3.5,-1.81736e-07) (-2.5,1.81736e-07)

 base=(2 1)  2I=(-1 +3 +0)  2J=(-1 +3 +12 )
 conv 9.66924e-21
 iter 25
 roots (-0.0824418,0) (0.264427,0) (-0.0613268,0.5) (-0.0613268,-0.5)
 dirty (-0.5,0) (1.5,0) (-3.5,-0.000144551) (-2.5,0.000144551)

 base=(2 1)  2I=(+1 -3 +0)  2J=(+1 -3 +12 )
 conv 9.67002e-21
 iter 25
 roots (0.0824418,0) (-0.264427,0) (0.0613268,0.5) (0.0613268,-0.5)
 dirty (0.5,0) (-1.5,0) (2.5,-0.000144551) (3.5,0.000144551)

 base=(2 1)  2I=(-1 -3 +0)  2J=(-1 -3 +12 )
 conv 2.61258e-21
 iter 24
 roots (-0.0797015,0) (-0.261855,0) (0.117445,0.5) (0.117445,-0.5)
 dirty (-0.5,0) (-1.5,0) (2.5,-1.81736e-07) (3.5,1.81736e-07)

 base=(2 1)  2I=(+3 -3 +0)  2J=(+3 -3 +12 )
 conv 1.0025e-22
 iter 3
 roots (0.265914,0) (-0.265914,0) (0,0.5) (-0,-0.5)
 dirty (1.5,0) (-1.5,0) (5.5,44.8505) (-5.5,-44.8505)

 base=(2 1)  2I=(+1 +5 +0)  2J=(+1 +5 +12 )
 conv 1.26392e-21
 iter 21
 roots (0.073781,0) (0.518252,0) (-0.165926,0.5) (-0.165926,-0.5)
 dirty (0.5,0) (2.5,0) (-3.5,1.11233e-09) (-2.5,-1.11233e-09)

 base=(2 1)  2I=(-1 +5 +0)  2J=(-1 +5 +12 )
 conv 1.63435e-21
 iter 23
 roots (-0.0856399,0) (0.524803,0) (-0.116892,0.5) (-0.116892,-0.5)
 dirty (-0.5,0) (2.5,0) (-3.5,-1.66921e-07) (-2.5,1.66921e-07)

 base=(2 1)  2I=(+3 +5 +0)  2J=(+3 +5 +12 )
 conv 3.02916e-21
 iter 18
 roots (0.245778,0) (0.507334,0) (-0.205159,0.5) (-0.205159,-0.5)
 dirty (1.5,0) (2.5,0) (-3.5,-5.55792e-10) (-2.5,5.55792e-10)

 base=(2 1)  2I=(-3 +5 +0)  2J=(-3 +5 +12 )
 conv 3.2355e-21
 iter 21
 roots (-0.269062,0) (0.529398,0) (-0.0585372,0.5) (-0.0585372,-0.5)
 dirty (-1.5,0) (2.5,0) (-3.5,-0.000485134) (-2.5,0.000485134)

 base=(2 1)  2I=(+1 -5 +0)  2J=(+1 -5 +12 )
 conv 1.63451e-21
 iter 23
 roots (0.0856399,0) (-0.524803,0) (0.116892,0.5) (0.116892,-0.5)
 dirty (0.5,0) (-2.5,0) (2.5,-1.66921e-07) (3.5,1.66921e-07)

 base=(2 1)  2I=(-1 -5 +0)  2J=(-1 -5 +12 )
 conv 1.26403e-21
 iter 21
 roots (-0.073781,0) (-0.518252,0) (0.165926,0.5) (0.165926,-0.5)
 dirty (-0.5,0) (-2.5,0) (2.5,1.11234e-09) (3.5,-1.11234e-09)

 base=(2 1)  2I=(+3 -5 +0)  2J=(+3 -5 +12 )
 conv 3.23594e-21
 iter 21
 roots (0.269062,0) (-0.529398,0) (0.0585372,0.5) (0.0585372,-0.5)
 dirty (1.5,0) (-2.5,0) (2.5,-0.000485134) (3.5,0.000485134)

 base=(2 1)  2I=(-3 -5 +0)  2J=(-3 -5 +12 )
 conv 3.02951e-21
 iter 18
 roots (-0.245778,0) (-0.507334,0) (0.205159,0.5) (0.205159,-0.5)
 dirty (-1.5,0) (-2.5,0) (2.5,-5.55782e-10) (3.5,5.55782e-10)

 base=(2 1)  2I=(+5 -5 +0)  2J=(+5 -5 +12 )
 conv 8.82151e-21
 iter 3
 roots (0.535523,0) (-0.535523,0) (0,0.5) (-0,-0.5)
 dirty (2.5,0) (-2.5,0) (5.5,44.9183) (-5.5,-44.9183)

 base=(2 1)  2I=(+1 +7 +0)  2J=(+1 +7 +12 )
 conv 9.83421e-21
 iter 19
 roots (0.0616662,0) (1.10078,0) (-0.223569,0.5) (-0.223569,-0.5)
 dirty (0.5,0) (3.5,0) (-3.5,-1.10464e-10) (-2.5,1.10464e-10)

 base=(2 1)  2I=(-1 +7 +0)  2J=(-1 +7 +12 )
 conv 2.33531e-21
 iter 21
 roots (-0.0935524,0) (1.1147,0) (-0.180714,0.5) (-0.180714,-0.5)
 dirty (-0.5,0) (3.5,0) (-3.5,-9.51752e-10) (-2.5,9.51752e-10)

 base=(2 1)  2I=(+3 +7 +0)  2J=(+3 +7 +12 )
 conv 5.86399e-21
 iter 19
 roots (0.225529,0) (1.07903,0) (-0.257056,0.5) (-0.257056,-0.5)
 dirty (1.5,0) (3.5,0) (-3.5,-4.91731e-11) (-2.5,4.91731e-11)

 base=(2 1)  2I=(-3 +7 +0)  2J=(-3 +7 +12 )
 conv 7.604e-21
 iter 20
 roots (-0.276313,0) (1.12521,0) (-0.124828,0.5) (-0.124828,-0.5)
 dirty (-1.5,0) (3.5,0) (-3.5,5.78406e-08) (-2.5,-5.78406e-08)

 base=(2 1)  2I=(+5 +7 +0)  2J=(+5 +7 +12 )
 conv 4.54922e-21
 iter 20
 roots (0.446554,0) (1.03827,0) (-0.287769,0.500001) (-0.287769,-0.500001)
 dirty (2.5,0) (3.5,0) (-3.5,-1.73992e-11) (-2.5,1.73992e-11)

 base=(2 1)  2I=(-5 +7 +0)  2J=(-5 +7 +12 )
 conv 2.07519e-21
 iter 18
 roots (-0.547552,0) (1.13854,0) (-0.0645255,0.5) (-0.0645255,-0.5)
 dirty (-2.5,0) (3.5,0) (-3.5,-0.000113063) (-2.5,0.000113063)

 base=(2 1)  2I=(+1 -7 +0)  2J=(+1 -7 +12 )
 conv 2.33539e-21
 iter 21
 roots (0.0935524,0) (-1.1147,0) (0.180714,0.5) (0.180714,-0.5)
 dirty (0.5,0) (-3.5,0) (2.5,-9.51747e-10) (3.5,9.51747e-10)

 base=(2 1)  2I=(-1 -7 +0)  2J=(-1 -7 +12 )
 conv 9.83341e-21
 iter 19
 roots (-0.0616662,0) (-1.10078,0) (0.223569,0.5) (0.223569,-0.5)
 dirty (-0.5,0) (-3.5,0) (2.5,-1.10459e-10) (3.5,1.10459e-10)

 base=(2 1)  2I=(+3 -7 +0)  2J=(+3 -7 +12 )
 conv 7.6044e-21
 iter 20
 roots (0.276313,0) (-1.12521,0) (0.124828,0.5) (0.124828,-0.5)
 dirty (1.5,0) (-3.5,0) (2.5,5.78406e-08) (3.5,-5.78406e-08)

 base=(2 1)  2I=(-3 -7 +0)  2J=(-3 -7 +12 )
 conv 5.86106e-21
 iter 19
 roots (-0.225529,0) (-1.07903,0) (0.257056,0.5) (0.257056,-0.5)
 dirty (-1.5,0) (-3.5,0) (2.5,-4.91779e-11) (3.5,4.91779e-11)

 base=(2 1)  2I=(+5 -7 +0)  2J=(+5 -7 +12 )
 conv 2.07431e-21
 iter 18
 roots (0.547552,0) (-1.13854,0) (0.0645255,0.5) (0.0645255,-0.5)
 dirty (2.5,0) (-3.5,0) (2.5,-0.000113063) (3.5,0.000113063)

 base=(2 1)  2I=(-5 -7 +0)  2J=(-5 -7 +12 )
 conv 4.54786e-21
 iter 20
 roots (-0.446554,0) (-1.03827,0) (0.287769,0.500001) (0.287769,-0.500001)
 dirty (-2.5,0) (-3.5,0) (2.5,-1.73998e-11) (3.5,1.73998e-11)

 base=(2 1)  2I=(+7 -7 +0)  2J=(+7 -7 +12 )
 conv 8.20771e-22
 iter 3
 roots (1.16576,0) (-1.16576,0) (0,0.5) (-0,-0.5)
 dirty (3.5,0) (-3.5,0) (5.5,45.0369) (-5.5,-45.0369)

 base=(2 1)  2I=(+1 -1 +2)  2J=(+1 -1 +14 )
 conv 1.77343e-21
 iter 28
 roots (0.0284102,0) (-0.128028,0) (0.49063,0.499749) (0.49063,-0.499749)
 dirty (0.5,0) (-0.5,0) (3.5,-1.162e-10) (3.5,1.162e-10)

 base=(2 1)  2I=(+1 +3 +2)  2J=(+1 +3 +14 )
 conv 4.44924e-21
 iter 33
 roots (0.0210452,0) (0.188906,0) (0.401973,0.49995) (0.401973,-0.49995)
 dirty (0.5,0) (1.5,0) (3.5,-2.39937e-10) (3.5,2.39937e-10)

 base=(2 1)  2I=(-1 +3 +2)  2J=(-1 +3 +14 )
 conv 2.09968e-21
 iter 31
 roots (-0.1323,0) (0.191888,0) (0.441824,0.499891) (0.441824,-0.499891)
 dirty (-0.5,0) (1.5,0) (3.5,-1.43584e-10) (3.5,1.43584e-10)

 base=(2 1)  2I=(+1 -3 +2)  2J=(+1 -3 +14 )
 conv 3.10565e-21
 iter 26
 roots (0.0338477,0) (-0.304733,0) (0.521033,0.49962) (0.521033,-0.49962)
 dirty (0.5,0) (-1.5,0) (3.5,-1.40773e-10) (3.5,1.40773e-10)

 base=(2 1)  2I=(-1 -3 +2)  2J=(-1 -3 +14 )
 conv 4.47493e-21
 iter 24
 roots (-0.116101,0) (-0.2978,0) (0.551917,0.499441) (0.551917,-0.499441)
 dirty (-0.5,0) (-1.5,0) (3.5,-1.56553e-10) (3.5,1.56553e-10)

 base=(2 1)  2I=(+3 -3 +2)  2J=(+3 -3 +14 )
 conv 2.24425e-21
 iter 29
 roots (0.196255,0) (-0.310465,0) (0.475381,0.49981) (0.475381,-0.49981)
 dirty (1.5,0) (-1.5,0) (3.5,-1.33407e-10) (3.5,1.33407e-10)

 base=(2 1)  2I=(+1 +5 +2)  2J=(+1 +5 +14 )
 conv 6.98155e-21
 iter 31
 roots (0.0203745,0) (0.436578,0) (0.296991,0.499998) (0.296991,-0.499998)
 dirty (0.5,0) (2.5,0) (3.5,-4.06138e-10) (3.5,4.06138e-10)

 base=(2 1)  2I=(-1 +5 +2)  2J=(-1 +5 +14 )
 conv 2.47072e-21
 iter 33
 roots (-0.134856,0) (0.437314,0) (0.3428,0.499991) (0.3428,-0.499991)
 dirty (-0.5,0) (2.5,0) (3.5,-1.93989e-10) (3.5,1.93989e-10)

 base=(2 1)  2I=(+3 +5 +2)  2J=(+3 +5 +14 )
 conv 3.79187e-21
 iter 31
 roots (0.190225,0) (0.437483,0) (0.230608,0.5) (0.230608,-0.5)
 dirty (1.5,0) (2.5,0) (3.5,4.3961e-10) (3.5,-4.3961e-10)

 base=(2 1)  2I=(-3 +5 +2)  2J=(-3 +5 +14 )
 conv 2.79475e-21
 iter 33
 roots (-0.314666,0) (0.439754,0) (0.380959,0.499976) (0.380959,-0.499976)
 dirty (-1.5,0) (2.5,0) (3.5,-1.75213e-10) (3.5,1.75213e-10)

 base=(2 1)  2I=(+1 -5 +2)  2J=(+1 -5 +14 )
 conv 1.09864e-21
 iter 25
 roots (0.0414209,0) (-0.568798,0) (0.554135,0.499431) (0.554135,-0.499431)
 dirty (0.5,0) (-2.5,0) (3.5,-7.47731e-11) (3.5,7.47731e-11)

 base=(2 1)  2I=(-1 -5 +2)  2J=(-1 -5 +14 )
 conv 2.10055e-21
 iter 24
 roots (-0.106594,0) (-0.558436,0) (0.583239,0.499212) (0.583239,-0.499212)
 dirty (-0.5,0) (-2.5,0) (3.5,-9.55644e-11) (3.5,9.55644e-11)

 base=(2 1)  2I=(+3 -5 +2)  2J=(+3 -5 +14 )
 conv 4.17577e-21
 iter 28
 roots (0.202559,0) (-0.577278,0) (0.511235,0.49968) (0.511235,-0.49968)
 dirty (1.5,0) (-2.5,0) (3.5,-1.61809e-10) (3.5,1.61809e-10)

 base=(2 1)  2I=(-3 -5 +2)  2J=(-3 -5 +14 )
 conv 9.6476e-21
 iter 22
 roots (-0.275171,0) (-0.54428,0) (0.608568,0.498988) (0.608568,-0.498988)
 dirty (-1.5,0) (-2.5,0) (3.5,-1.91707e-10) (3.5,1.91707e-10)

 base=(2 1)  2I=(+5 -5 +2)  2J=(+5 -5 +14 )
 conv 3.36052e-21
 iter 32
 roots (0.444108,0) (-0.583968,0) (0.420854,0.499944) (0.420854,-0.499944)
 dirty (2.5,0) (-2.5,0) (3.5,-1.66011e-10) (3.5,1.66011e-10)

 base=(2 1)  2I=(+1 +7 +2)  2J=(+1 +7 +14 )
 conv 9.66133e-21
 iter 24
 roots (0.0165341,0) (1.00728,0) (0.167434,0.5) (0.167434,-0.5)
 dirty (0.5,0) (3.5,0) (3.5,-3.62059e-10) (3.5,3.62059e-10)

 base=(2 1)  2I=(-1 +7 +2)  2J=(-1 +7 +14 )
 conv 6.82438e-21
 iter 23
 roots (-0.139474,0) (1.01649,0) (0.208515,0.5) (0.208515,-0.5)
 dirty (-0.5,0) (3.5,0) (3.5,5.01499e-11) (3.5,-5.01499e-11)

 base=(2 1)  2I=(+3 +7 +2)  2J=(+3 +7 +14 )
 conv 2.47999e-21
 iter 25
 roots (0.182985,0) (0.995085,0) (0.115298,0.5) (0.115298,-0.5)
 dirty (1.5,0) (3.5,0) (3.5,1.59018e-07) (3.5,-1.59018e-07)

 base=(2 1)  2I=(-3 +7 +2)  2J=(-3 +7 +14 )
 conv 7.23467e-21
 iter 22
 roots (-0.321102,0) (1.027,0) (0.243185,0.5) (0.243185,-0.5)
 dirty (-1.5,0) (3.5,0) (3.5,1.5561e-10) (3.5,-1.5561e-10)

 base=(2 1)  2I=(+5 +7 +2)  2J=(+5 +7 +14 )
 conv 6.74843e-21
 iter 23
 roots (0.40561,0) (0.966053,0) (0.0579239,0.5) (0.0579239,-0.5)
 dirty (2.5,0) (3.5,0) (3.5,0.000421193) (3.5,-0.000421193)

 base=(2 1)  2I=(-5 +7 +2)  2J=(-5 +7 +14 )
 conv 2.32321e-21
 iter 21
 roots (-0.593969,0) (1.04167,0) (0.278275,0.5) (0.278275,-0.5)
 dirty (-2.5,0) (3.5,0) (3.5,5.68907e-11) (3.5,-5.68907e-11)

 base=(2 1)  2I=(+1 -7 +2)  2J=(+1 -7 +14 )
 conv 1.62749e-21
 iter 25
 roots (0.0535311,0) (-1.18481,0) (0.602685,0.499027) (0.602685,-0.499027)
 dirty (0.5,0) (-3.5,0) (3.5,-5.47819e-11) (3.5,5.47819e-11)

 base=(2 1)  2I=(-1 -7 +2)  2J=(-1 -7 +14 )
 conv 7.99225e-21
 iter 24
 roots (-0.0909958,0) (-1.16693,0) (0.629796,0.498741) (0.629796,-0.498741)
 dirty (-0.5,0) (-3.5,0) (3.5,-9.05563e-11) (3.5,9.05563e-11)

 base=(2 1)  2I=(+3 -7 +2)  2J=(+3 -7 +14 )
 conv 2.36357e-21
 iter 27
 roots (0.212753,0) (-1.19942,0) (0.562739,0.499381) (0.562739,-0.499381)
 dirty (1.5,0) (-3.5,0) (3.5,-8.86469e-11) (3.5,8.86469e-11)

 base=(2 1)  2I=(-3 -7 +2)  2J=(-3 -7 +14 )
 conv 2.18331e-21
 iter 26
 roots (-0.251506,0) (-1.14178,0) (0.653086,0.498466) (0.653086,-0.498466)
 dirty (-1.5,0) (-3.5,0) (3.5,2.25332e-11) (3.5,-2.25332e-11)

 base=(2 1)  2I=(+5 -7 +2)  2J=(+5 -7 +14 )
 conv 5.58323e-21
 iter 32
 roots (0.451734,0) (-1.21139,0) (0.476762,0.499845) (0.476762,-0.499845)
 dirty (2.5,0) (-3.5,0) (3.5,-1.73789e-10) (3.5,1.73789e-10)

 base=(2 1)  2I=(-5 -7 +2)  2J=(-5 -7 +14 )
 conv 2.26303e-21
 iter 27
 roots (-0.474666,0) (-1.09678,0) (0.677341,0.498142) (0.677341,-0.498142)
 dirty (-2.5,0) (-3.5,0) (3.5,9.77773e-12) (3.5,-9.77773e-12)

 base=(2 1)  2I=(+7 -7 +2)  2J=(+7 -7 +14 )
 conv 1.69508e-21
 iter 22
 roots (1.06788,0) (-1.23089,0) (0.324586,0.499998) (0.324586,-0.499998)
 dirty (3.5,0) (-3.5,0) (3.5,-4.26302e-11) (3.5,4.26302e-11)

 base=(2 1)  2I=(+1 -1 -2)  2J=(+1 -1 +10 )
 conv 1.77365e-21
 iter 28
 roots (0.128028,0) (-0.0284102,0) (-0.49063,0.499749) (-0.49063,-0.499749)
 dirty (0.5,0) (-0.5,0) (-3.5,-1.16193e-10) (-3.5,1.16193e-10)

 base=(2 1)  2I=(+1 +3 -2)  2J=(+1 +3 +10 )
 conv 4.47493e-21
 iter 24
 roots (0.116101,0) (0.2978,0) (-0.551917,0.499441) (-0.551917,-0.499441)
 dirty (0.5,0) (1.5,0) (-3.5,-1.56553e-10) (-3.5,1.56553e-10)

 base=(2 1)  2I=(-1 +3 -2)  2J=(-1 +3 +10 )
 conv 3.10565e-21
 iter 26
 roots (-0.0338477,0) (0.304733,0) (-0.521033,0.49962) (-0.521033,-0.49962)
 dirty (-0.5,0) (1.5,0) (-3.5,-1.40773e-10) (-3.5,1.40773e-10)

 base=(2 1)  2I=(+1 -3 -2)  2J=(+1 -3 +10 )
 conv 2.09968e-21
 iter 31
 roots (0.1323,0) (-0.191888,0) (-0.441824,0.499891) (-0.441824,-0.499891)
 dirty (0.5,0) (-1.5,0) (-3.5,-1.43584e-10) (-3.5,1.43584e-10)

 base=(2 1)  2I=(-1 -3 -2)  2J=(-1 -3 +10 )
 conv 4.44924e-21
 iter 33
 roots (-0.0210452,0) (-0.188906,0) (-0.401973,0.49995) (-0.401973,-0.49995)
 dirty (-0.5,0) (-1.5,0) (-3.5,-2.39937e-10) (-3.5,2.39937e-10)

 base=(2 1)  2I=(+3 -3 -2)  2J=(+3 -3 +10 )
 conv 2.24711e-21
 iter 29
 roots (0.310465,0) (-0.196255,0) (-0.475381,0.49981) (-0.475381,-0.49981)
 dirty (1.5,0) (-1.5,0) (-3.5,-1.33371e-10) (-3.5,1.33371e-10)

 base=(2 1)  2I=(+1 +5 -2)  2J=(+1 +5 +10 )
 conv 2.10055e-21
 iter 24
 roots (0.106594,0) (0.558436,0) (-0.583239,0.499212) (-0.583239,-0.499212)
 dirty (0.5,0) (2.5,0) (-3.5,-9.55644e-11) (-3.5,9.55644e-11)

 base=(2 1)  2I=(-1 +5 -2)  2J=(-1 +5 +10 )
 conv 1.09864e-21
 iter 25
 roots (-0.0414209,0) (0.568798,0) (-0.554135,0.499431) (-0.554135,-0.499431)
 dirty (-0.5,0) (2.5,0) (-3.5,-7.47731e-11) (-3.5,7.47731e-11)

 base=(2 1)  2I=(+3 +5 -2)  2J=(+3 +5 +10 )
 conv 9.64758e-21
 iter 22
 roots (0.275171,0) (0.54428,0) (-0.608568,0.498988) (-0.608568,-0.498988)
 dirty (1.5,0) (2.5,0) (-3.5,-1.91707e-10) (-3.5,1.91707e-10)

 base=(2 1)  2I=(-3 +5 -2)  2J=(-3 +5 +10 )
 conv 4.17577e-21
 iter 28
 roots (-0.202559,0) (0.577278,0) (-0.511235,0.49968) (-0.511235,-0.49968)
 dirty (-1.5,0) (2.5,0) (-3.5,-1.61809e-10) (-3.5,1.61809e-10)

 base=(2 1)  2I=(+1 -5 -2)  2J=(+1 -5 +10 )
 conv 2.47071e-21
 iter 33
 roots (0.134856,0) (-0.437314,0) (-0.3428,0.499991) (-0.3428,-0.499991)
 dirty (0.5,0) (-2.5,0) (-3.5,-1.93989e-10) (-3.5,1.93989e-10)

 base=(2 1)  2I=(-1 -5 -2)  2J=(-1 -5 +10 )
 conv 6.98151e-21
 iter 31
 roots (-0.0203745,0) (-0.436578,0) (-0.296991,0.499998) (-0.296991,-0.499998)
 dirty (-0.5,0) (-2.5,0) (-3.5,-4.0614e-10) (-3.5,4.0614e-10)

 base=(2 1)  2I=(+3 -5 -2)  2J=(+3 -5 +10 )
 conv 2.79475e-21
 iter 33
 roots (0.314666,0) (-0.439754,0) (-0.380959,0.499976) (-0.380959,-0.499976)
 dirty (1.5,0) (-2.5,0) (-3.5,-1.75213e-10) (-3.5,1.75213e-10)

 base=(2 1)  2I=(-3 -5 -2)  2J=(-3 -5 +10 )
 conv 3.79202e-21
 iter 31
 roots (-0.190225,0) (-0.437483,0) (-0.230608,0.5) (-0.230608,-0.5)
 dirty (-1.5,0) (-2.5,0) (-3.5,4.396e-10) (-3.5,-4.396e-10)

 base=(2 1)  2I=(+5 -5 -2)  2J=(+5 -5 +10 )
 conv 3.32113e-21
 iter 33
 roots (0.583968,0) (-0.444108,0) (-0.420854,0.499944) (-0.420854,-0.499944)
 dirty (2.5,0) (-2.5,0) (-3.5,-1.64403e-10) (-3.5,1.64403e-10)

 base=(2 1)  2I=(+1 +7 -2)  2J=(+1 +7 +10 )
 conv 7.99225e-21
 iter 24
 roots (0.0909958,0) (1.16693,0) (-0.629796,0.498741) (-0.629796,-0.498741)
 dirty (0.5,0) (3.5,0) (-3.5,-9.05563e-11) (-3.5,9.05563e-11)

 base=(2 1)  2I=(-1 +7 -2)  2J=(-1 +7 +10 )
 conv 1.62749e-21
 iter 25
 roots (-0.0535311,0) (1.18481,0) (-0.602685,0.499027) (-0.602685,-0.499027)
 dirty (-0.5,0) (3.5,0) (-3.5,-5.47819e-11) (-3.5,5.47819e-11)

 base=(2 1)  2I=(+3 +7 -2)  2J=(+3 +7 +10 )
 conv 2.18331e-21
 iter 26
 roots (0.251506,0) (1.14178,0) (-0.653086,0.498466) (-0.653086,-0.498466)
 dirty (1.5,0) (3.5,0) (-3.5,2.25332e-11) (-3.5,-2.25332e-11)

 base=(2 1)  2I=(-3 +7 -2)  2J=(-3 +7 +10 )
 conv 2.36357e-21
 iter 27
 roots (-0.212753,0) (1.19942,0) (-0.562739,0.499381) (-0.562739,-0.499381)
 dirty (-1.5,0) (3.5,0) (-3.5,-8.86469e-11) (-3.5,8.86469e-11)

 base=(2 1)  2I=(+5 +7 -2)  2J=(+5 +7 +10 )
 conv 2.26301e-21
 iter 27
 roots (0.474666,0) (1.09678,0) (-0.677341,0.498142) (-0.677341,-0.498142)
 dirty (2.5,0) (3.5,0) (-3.5,9.77773e-12) (-3.5,-9.77773e-12)

 base=(2 1)  2I=(-5 +7 -2)  2J=(-5 +7 +10 )
 conv 5.58323e-21
 iter 32
 roots (-0.451734,0) (1.21139,0) (-0.476762,0.499845) (-0.476762,-0.499845)
 dirty (-2.5,0) (3.5,0) (-3.5,-1.73789e-10) (-3.5,1.73789e-10)

 base=(2 1)  2I=(+1 -7 -2)  2J=(+1 -7 +10 )
 conv 6.82427e-21
 iter 23
 roots (0.139474,0) (-1.01649,0) (-0.208515,0.5) (-0.208515,-0.5)
 dirty (0.5,0) (-3.5,0) (-3.5,5.0151e-11) (-3.5,-5.0151e-11)

 base=(2 1)  2I=(-1 -7 -2)  2J=(-1 -7 +10 )
 conv 9.66134e-21
 iter 24
 roots (-0.0165341,0) (-1.00728,0) (-0.167434,0.5) (-0.167434,-0.5)
 dirty (-0.5,0) (-3.5,0) (-3.5,-3.6206e-10) (-3.5,3.6206e-10)

 base=(2 1)  2I=(+3 -7 -2)  2J=(+3 -7 +10 )
 conv 7.23339e-21
 iter 22
 roots (0.321102,0) (-1.027,0) (-0.243185,0.5) (-0.243185,-0.5)
 dirty (1.5,0) (-3.5,0) (-3.5,1.55618e-10) (-3.5,-1.55618e-10)

 base=(2 1)  2I=(-3 -7 -2)  2J=(-3 -7 +10 )
 conv 2.48e-21
 iter 25
 roots (-0.182985,0) (-0.995085,0) (-0.115298,0.5) (-0.115298,-0.5)
 dirty (-1.5,0) (-3.5,0) (-3.5,1.59018e-07) (-3.5,-1.59018e-07)

 base=(2 1)  2I=(+5 -7 -2)  2J=(+5 -7 +10 )
 conv 2.32291e-21
 iter 21
 roots (0.593969,0) (-1.04167,0) (-0.278275,0.5) (-0.278275,-0.5)
 dirty (2.5,0) (-3.5,0) (-3.5,5.68935e-11) (-3.5,-5.68935e-11)

 base=(2 1)  2I=(-5 -7 -2)  2J=(-5 -7 +10 )
 conv 6.74816e-21
 iter 23
 roots (-0.40561,0) (-0.966053,0) (-0.0579239,0.5) (-0.0579239,-0.5)
 dirty (-2.5,0) (-3.5,0) (-3.5,0.000421193) (-3.5,-0.000421193)

 base=(2 1)  2I=(+7 -7 -2)  2J=(+7 -7 +10 )
 conv 4.34521e-21
 iter 20
 roots (1.23089,0) (-1.06788,0) (-0.324586,0.499998) (-0.324586,-0.499998)
 dirty (3.5,0) (-3.5,0) (-3.5,-6.29806e-11) (-3.5,6.29806e-11)

 base=(2 1)  2I=(+1 -1 +4)  2J=(+1 -1 +16 )
 conv 4.23959e-21
 iter 30
 roots (-0.00117485,0) (-0.154042,0) (1.0412,0.540906) (1.0412,-0.540906)
 dirty (0.5,0) (-0.5,0) (3.5,6.66065e-12) (4.5,-6.66065e-12)

 base=(2 1)  2I=(+1 +3 +4)  2J=(+1 +3 +16 )
 conv 3.49943e-21
 iter 31
 roots (-0.0122074,0) (0.140728,0) (0.985775,0.536347) (0.985775,-0.536347)
 dirty (0.5,0) (1.5,0) (3.5,-4.6037e-11) (4.5,4.6037e-11)

 base=(2 1)  2I=(-1 +3 +4)  2J=(-1 +3 +16 )
 conv 7.17221e-21
 iter 31
 roots (-0.15989,0) (0.14634,0) (1.01127,0.538511) (1.01127,-0.538511)
 dirty (-0.5,0) (1.5,0) (3.5,-4.41841e-11) (4.5,4.41841e-11)

 base=(2 1)  2I=(+1 -3 +4)  2J=(+1 -3 +16 )
 conv 4.60915e-21
 iter 30
 roots (0.00540174,0) (-0.331673,0) (1.06615,0.543023) (1.06615,-0.543023)
 dirty (0.5,0) (-1.5,0) (3.5,5.26922e-11) (4.5,-5.26922e-11)

 base=(2 1)  2I=(-1 -3 +4)  2J=(-1 -3 +16 )
 conv 1.8848e-21
 iter 30
 roots (-0.140091,0) (-0.323693,0) (1.09006,0.544894) (1.09006,-0.544894)
 dirty (-0.5,0) (-1.5,0) (3.5,8.53237e-12) (4.5,-8.53237e-12)

 base=(2 1)  2I=(+3 -3 +4)  2J=(+3 -3 +16 )
 conv 5.62209e-21
 iter 30
 roots (0.152688,0) (-0.338813,0) (1.03679,0.540737) (1.03679,-0.540737)
 dirty (1.5,0) (-1.5,0) (3.5,-1.33612e-11) (4.5,1.33612e-11)

 base=(2 1)  2I=(+1 +5 +4)  2J=(+1 +5 +16 )
 conv 1.90593e-21
 iter 32
 roots (-0.0179365,0) (0.322937,0) (0.937008,0.532096) (0.937008,-0.532096)
 dirty (0.5,0) (2.5,0) (3.5,2.50132e-11) (4.5,-2.50132e-11)

 base=(2 1)  2I=(-1 +5 +4)  2J=(-1 +5 +16 )
 conv 9.89538e-22
 iter 32
 roots (-0.165908,0) (0.329002,0) (0.96341,0.534453) (0.96341,-0.534453)
 dirty (-0.5,0) (2.5,0) (3.5,-8.32245e-13) (4.5,8.32245e-13)

 base=(2 1)  2I=(+3 +5 +4)  2J=(+3 +5 +16 )
 conv 5.57862e-21
 iter 32
 roots (0.129104,0) (0.316789,0) (0.904682,0.529197) (0.904682,-0.529197)
 dirty (1.5,0) (2.5,0) (3.5,-1.52621e-11) (4.5,1.52621e-11)

 base=(2 1)  2I=(-3 +5 +4)  2J=(-3 +5 +16 )
 conv 1.20972e-21
 iter 31
 roots (-0.34595,0) (0.335698,0) (0.98978,0.536864) (0.98978,-0.536864)
 dirty (-1.5,0) (2.5,0) (3.5,-2.80412e-11) (4.5,2.80412e-11)

 base=(2 1)  2I=(+1 -5 +4)  2J=(+1 -5 +16 )
 conv 1.7538e-21
 iter 30
 roots (0.014167,0) (-0.603843,0) (1.09668,0.545779) (1.09668,-0.545779)
 dirty (0.5,0) (-2.5,0) (3.5,7.11398e-12) (4.5,-7.11398e-12)

 base=(2 1)  2I=(-1 -5 +4)  2J=(-1 -5 +16 )
 conv 1.11813e-21
 iter 30
 roots (-0.129439,0) (-0.592228,0) (1.11982,0.54753) (1.11982,-0.54753)
 dirty (-0.5,0) (-2.5,0) (3.5,-1.59701e-11) (4.5,1.59701e-11)

 base=(2 1)  2I=(+3 -5 +4)  2J=(+3 -5 +16 )
 conv 3.30365e-21
 iter 30
 roots (0.160879,0) (-0.61386,0) (1.068,0.543625) (1.068,-0.543625)
 dirty (1.5,0) (-2.5,0) (3.5,3.5677e-11) (4.5,-3.5677e-11)

 base=(2 1)  2I=(-3 -5 +4)  2J=(-3 -5 +16 )
 conv 2.47315e-21
 iter 30
 roots (-0.298465,0) (-0.576573,0) (1.14236,0.549302) (1.14236,-0.549302)
 dirty (-1.5,0) (-2.5,0) (3.5,-3.59439e-11) (4.5,3.59439e-11)

 base=(2 1)  2I=(+5 -5 +4)  2J=(+5 -5 +16 )
 conv 4.02273e-21
 iter 31
 roots (0.344143,0) (-0.623622,0) (1.02196,0.539971) (1.02196,-0.539971)
 dirty (2.5,0) (-2.5,0) (3.5,-3.92853e-11) (4.5,3.92853e-11)

 base=(2 1)  2I=(+1 +7 +4)  2J=(+1 +7 +16 )
 conv 5.52583e-21
 iter 78
 roots (-0.0228937,0) (0.715085,0) (0.753587,0.511958) (0.753587,-0.511958)
 dirty (0.5,0) (3.5,0) (3.5,6.14452e-11) (4.5,-6.14452e-11)

 base=(2 1)  2I=(-1 +7 +4)  2J=(-1 +7 +16 )
 conv 9.03513e-21
 iter 72
 roots (-0.171404,0) (0.714155,0) (0.788289,0.514881) (0.788289,-0.514881)
 dirty (-0.5,0) (3.5,0) (3.5,6.99407e-11) (4.5,-6.99407e-11)

 base=(2 1)  2I=(+3 +7 +4)  2J=(+3 +7 +16 )
 conv 7.11072e-21
 iter 85
 roots (0.124821,0) (0.719458,0) (0.708548,0.508552) (0.708548,-0.508552)
 dirty (1.5,0) (3.5,0) (3.5,8.18053e-11) (4.5,-8.18053e-11)

 base=(2 1)  2I=(-3 +7 +4)  2J=(-3 +7 +16 )
 conv 7.61249e-21
 iter 67
 roots (-0.352572,0) (0.714844,0) (0.821664,0.517932) (0.821664,-0.517932)
 dirty (-1.5,0) (3.5,0) (3.5,5.76049e-11) (4.5,-5.76049e-11)

 base=(2 1)  2I=(+5 +7 +4)  2J=(+5 +7 +16 )
 conv 5.9424e-21
 iter 90
 roots (0.311183,0) (0.735841,0) (0.626125,0.503761) (0.626125,-0.503761)
 dirty (2.5,0) (3.5,0) (3.5,1.03435e-10) (4.5,-1.03435e-10)

 base=(2 1)  2I=(-5 +7 +4)  2J=(-5 +7 +16 )
 conv 4.0938e-21
 iter 62
 roots (-0.632698,0) (0.716825,0) (0.861186,0.521896) (0.861186,-0.521896)
 dirty (-2.5,0) (3.5,0) (3.5,3.72017e-11) (4.5,-3.72017e-11)

 base=(2 1)  2I=(+1 -7 +4)  2J=(+1 -7 +16 )
 conv 1.54933e-21
 iter 30
 roots (0.0276749,0) (-1.2503,0) (1.14661,0.550882) (1.14661,-0.550882)
 dirty (0.5,0) (-3.5,0) (3.5,-2.67275e-11) (4.5,2.67275e-11)

 base=(2 1)  2I=(-1 -7 +4)  2J=(-1 -7 +16 )
 conv 4.93862e-21
 iter 30
 roots (-0.11243,0) (-1.23106,0) (1.16879,0.552462) (1.16879,-0.552462)
 dirty (-0.5,0) (-3.5,0) (3.5,-4.13445e-11) (4.5,4.13445e-11)

 base=(2 1)  2I=(+3 -7 +4)  2J=(+3 -7 +16 )
 conv 1.35282e-21
 iter 30
 roots (0.173241,0) (-1.26672,0) (1.11877,0.548921) (1.11877,-0.548921)
 dirty (1.5,0) (-3.5,0) (3.5,2.09606e-12) (4.5,-2.09606e-12)

 base=(2 1)  2I=(-3 -7 +4)  2J=(-3 -7 +16 )
 conv 9.57667e-21
 iter 30
 roots (-0.272737,0) (-1.20429,0) (1.18987,0.554019) (1.18987,-0.554019)
 dirty (-1.5,0) (-3.5,0) (3.5,-4.64114e-11) (4.5,4.64114e-11)

 base=(2 1)  2I=(+5 -7 +4)  2J=(+5 -7 +16 )
 conv 3.65908e-21
 iter 30
 roots (0.356739,0) (-1.28268,0) (1.07392,0.545592) (1.07392,-0.545592)
 dirty (2.5,0) (-3.5,0) (3.5,-5.43861e-12) (4.5,5.43861e-12)

 base=(2 1)  2I=(-5 -7 +4)  2J=(-5 -7 +16 )
 conv 5.29969e-21
 iter 31
 roots (-0.499929,0) (-1.15624,0) (1.21355,0.555878) (1.21355,-0.555878)
 dirty (-2.5,0) (-3.5,0) (3.5,-2.49985e-11) (4.5,2.49985e-11)

 base=(2 1)  2I=(+7 -7 +4)  2J=(+7 -7 +16 )
 conv 3.29636e-21
 iter 54
 roots (0.7203,0) (-1.29753,0) (0.922994,0.529045) (0.922994,-0.529045)
 dirty (3.5,0) (-3.5,0) (3.5,2.73687e-11) (4.5,-2.73687e-11)

 base=(2 1)  2I=(+1 -1 -4)  2J=(+1 -1 +8 )
 conv 4.24104e-21
 iter 30
 roots (0.154042,0) (0.00117485,0) (-1.0412,0.540906) (-1.0412,-0.540906)
 dirty (0.5,0) (-0.5,0) (-4.5,6.66058e-12) (-3.5,-6.66058e-12)

 base=(2 1)  2I=(+1 +3 -4)  2J=(+1 +3 +8 )
 conv 1.8848e-21
 iter 30
 roots (0.140091,0) (0.323693,0) (-1.09006,0.544894) (-1.09006,-0.544894)
 dirty (0.5,0) (1.5,0) (-4.5,8.53237e-12) (-3.5,-8.53237e-12)

 base=(2 1)  2I=(-1 +3 -4)  2J=(-1 +3 +8 )
 conv 4.60915e-21
 iter 30
 roots (-0.00540174,0) (0.331673,0) (-1.06615,0.543023) (-1.06615,-0.543023)
 dirty (-0.5,0) (1.5,0) (-4.5,5.26922e-11) (-3.5,-5.26922e-11)

 base=(2 1)  2I=(+1 -3 -4)  2J=(+1 -3 +8 )
 conv 7.17221e-21
 iter 31
 roots (0.15989,0) (-0.14634,0) (-1.01127,0.538511) (-1.01127,-0.538511)
 dirty (0.5,0) (-1.5,0) (-4.5,-4.41841e-11) (-3.5,4.41841e-11)

 base=(2 1)  2I=(-1 -3 -4)  2J=(-1 -3 +8 )
 conv 3.49943e-21
 iter 31
 roots (0.0122074,0) (-0.140728,0) (-0.985775,0.536347) (-0.985775,-0.536347)
 dirty (-0.5,0) (-1.5,0) (-4.5,-4.6037e-11) (-3.5,4.6037e-11)

 base=(2 1)  2I=(+3 -3 -4)  2J=(+3 -3 +8 )
 conv 5.62976e-21
 iter 30
 roots (0.338813,0) (-0.152688,0) (-1.03679,0.540737) (-1.03679,-0.540737)
 dirty (1.5,0) (-1.5,0) (-4.5,-1.33617e-11) (-3.5,1.33617e-11)

 base=(2 1)  2I=(+1 +5 -4)  2J=(+1 +5 +8 )
 conv 1.11813e-21
 iter 30
 roots (0.129439,0) (0.592228,0) (-1.11982,0.54753) (-1.11982,-0.54753)
 dirty (0.5,0) (2.5,0) (-4.5,-1.59701e-11) (-3.5,1.59701e-11)

 base=(2 1)  2I=(-1 +5 -4)  2J=(-1 +5 +8 )
 conv 1.7538e-21
 iter 30
 roots (-0.014167,0) (0.603843,0) (-1.09668,0.545779) (-1.09668,-0.545779)
 dirty (-0.5,0) (2.5,0) (-4.5,7.11398e-12) (-3.5,-7.11398e-12)

 base=(2 1)  2I=(+3 +5 -4)  2J=(+3 +5 +8 )
 conv 2.47316e-21
 iter 30
 roots (0.298465,0) (0.576573,0) (-1.14236,0.549302) (-1.14236,-0.549302)
 dirty (1.5,0) (2.5,0) (-4.5,-3.59439e-11) (-3.5,3.59439e-11)

 base=(2 1)  2I=(-3 +5 -4)  2J=(-3 +5 +8 )
 conv 3.30365e-21
 iter 30
 roots (-0.160879,0) (0.61386,0) (-1.068,0.543625) (-1.068,-0.543625)
 dirty (-1.5,0) (2.5,0) (-4.5,3.5677e-11) (-3.5,-3.5677e-11)

 base=(2 1)  2I=(+1 -5 -4)  2J=(+1 -5 +8 )
 conv 9.89536e-22
 iter 32
 roots (0.165908,0) (-0.329002,0) (-0.96341,0.534453) (-0.96341,-0.534453)
 dirty (0.5,0) (-2.5,0) (-4.5,-8.32811e-13) (-3.5,8.32811e-13)

 base=(2 1)  2I=(-1 -5 -4)  2J=(-1 -5 +8 )
 conv 1.90593e-21
 iter 32
 roots (0.0179365,0) (-0.322937,0) (-0.937008,0.532096) (-0.937008,-0.532096)
 dirty (-0.5,0) (-2.5,0) (-4.5,2.50132e-11) (-3.5,-2.50132e-11)

 base=(2 1)  2I=(+3 -5 -4)  2J=(+3 -5 +8 )
 conv 1.20972e-21
 iter 31
 roots (0.34595,0) (-0.335698,0) (-0.98978,0.536864) (-0.98978,-0.536864)
 dirty (1.5,0) (-2.5,0) (-4.5,-2.80412e-11) (-3.5,2.80412e-11)

 base=(2 1)  2I=(-3 -5 -4)  2J=(-3 -5 +8 )
 conv 5.57862e-21
 iter 32
 roots (-0.129104,0) (-0.316789,0) (-0.904682,0.529197) (-0.904682,-0.529197)
 dirty (-1.5,0) (-2.5,0) (-4.5,-1.52621e-11) (-3.5,1.52621e-11)

 base=(2 1)  2I=(+5 -5 -4)  2J=(+5 -5 +8 )
 conv 4.0271e-21
 iter 31
 roots (0.623622,0) (-0.344143,0) (-1.02196,0.539971) (-1.02196,-0.539971)
 dirty (2.5,0) (-2.5,0) (-4.5,-3.92784e-11) (-3.5,3.92784e-11)

 base=(2 1)  2I=(+1 +7 -4)  2J=(+1 +7 +8 )
 conv 4.93865e-21
 iter 30
 roots (0.11243,0) (1.23106,0) (-1.16879,0.552462) (-1.16879,-0.552462)
 dirty (0.5,0) (3.5,0) (-4.5,-4.13445e-11) (-3.5,4.13445e-11)

 base=(2 1)  2I=(-1 +7 -4)  2J=(-1 +7 +8 )
 conv 1.54932e-21
 iter 30
 roots (-0.0276749,0) (1.2503,0) (-1.14661,0.550882) (-1.14661,-0.550882)
 dirty (-0.5,0) (3.5,0) (-4.5,-2.67277e-11) (-3.5,2.67277e-11)

 base=(2 1)  2I=(+3 +7 -4)  2J=(+3 +7 +8 )
 conv 9.57671e-21
 iter 30
 roots (0.272737,0) (1.20429,0) (-1.18987,0.554019) (-1.18987,-0.554019)
 dirty (1.5,0) (3.5,0) (-4.5,-4.64119e-11) (-3.5,4.64119e-11)

 base=(2 1)  2I=(-3 +7 -4)  2J=(-3 +7 +8 )
 conv 1.35282e-21
 iter 30
 roots (-0.173241,0) (1.26672,0) (-1.11877,0.548921) (-1.11877,-0.548921)
 dirty (-1.5,0) (3.5,0) (-4.5,2.09606e-12) (-3.5,-2.09606e-12)

 base=(2 1)  2I=(+5 +7 -4)  2J=(+5 +7 +8 )
 conv 5.29967e-21
 iter 31
 roots (0.499929,0) (1.15624,0) (-1.21355,0.555878) (-1.21355,-0.555878)
 dirty (2.5,0) (3.5,0) (-4.5,-2.49983e-11) (-3.5,2.49983e-11)

 base=(2 1)  2I=(-5 +7 -4)  2J=(-5 +7 +8 )
 conv 3.65908e-21
 iter 30
 roots (-0.356739,0) (1.28268,0) (-1.07392,0.545592) (-1.07392,-0.545592)
 dirty (-2.5,0) (3.5,0) (-4.5,-5.43861e-12) (-3.5,5.43861e-12)

 base=(2 1)  2I=(+1 -7 -4)  2J=(+1 -7 +8 )
 conv 9.03513e-21
 iter 72
 roots (0.171404,0) (-0.714155,0) (-0.788289,0.514881) (-0.788289,-0.514881)
 dirty (0.5,0) (-3.5,0) (-4.5,6.99407e-11) (-3.5,-6.99407e-11)

 base=(2 1)  2I=(-1 -7 -4)  2J=(-1 -7 +8 )
 conv 5.52583e-21
 iter 78
 roots (0.0228937,0) (-0.715085,0) (-0.753587,0.511958) (-0.753587,-0.511958)
 dirty (-0.5,0) (-3.5,0) (-4.5,6.14452e-11) (-3.5,-6.14452e-11)

 base=(2 1)  2I=(+3 -7 -4)  2J=(+3 -7 +8 )
 conv 7.61249e-21
 iter 67
 roots (0.352572,0) (-0.714844,0) (-0.821664,0.517932) (-0.821664,-0.517932)
 dirty (1.5,0) (-3.5,0) (-4.5,5.76049e-11) (-3.5,-5.76049e-11)

 base=(2 1)  2I=(-3 -7 -4)  2J=(-3 -7 +8 )
 conv 7.11072e-21
 iter 85
 roots (-0.124821,0) (-0.719458,0) (-0.708548,0.508552) (-0.708548,-0.508552)
 dirty (-1.5,0) (-3.5,0) (-4.5,8.18053e-11) (-3.5,-8.18053e-11)

 base=(2 1)  2I=(+5 -7 -4)  2J=(+5 -7 +8 )
 conv 4.0938e-21
 iter 62
 roots (0.632698,0) (-0.716825,0) (-0.861186,0.521896) (-0.861186,-0.521896)
 dirty (2.5,0) (-3.5,0) (-4.5,3.72017e-11) (-3.5,-3.72017e-11)

 base=(2 1)  2I=(-5 -7 -4)  2J=(-5 -7 +8 )
 conv 5.9424e-21
 iter 90
 roots (-0.311183,0) (-0.735841,0) (-0.626125,0.503761) (-0.626125,-0.503761)
 dirty (-2.5,0) (-3.5,0) (-4.5,1.03435e-10) (-3.5,-1.03435e-10)

 base=(2 1)  2I=(+7 -7 -4)  2J=(+7 -7 +8 )
 conv 3.33132e-21
 iter 55
 roots (1.29753,0) (-0.7203,0) (-0.922994,0.529045) (-0.922994,-0.529045)
 dirty (3.5,0) (-3.5,0) (-4.5,2.73972e-11) (-3.5,-2.73972e-11)
140 states scanned
0 not converged: 

 base=(0 2)  2I=( +1 -1)  2J=(+12 +12 )
 conv 4.02234e-21
 iter 17
 roots (0.222486,0.5) (0.222486,-0.5) (-0.222486,0.5) (-0.222486,-0.5)
 dirty (2.5,2.56679e-07) (3.5,-2.56679e-07) (-3.5,2.56679e-07) (-2.5,-2.56679e-07)

 base=(0 2)  2I=( +1 +3)  2J=(+14 +14 )
 conv 3.96323e-21
 iter 25
 roots (0.0328952,0.5) (0.0328952,-0.5) (0.535245,0.499498) (0.535245,-0.499498)
 dirty (-nan,-inf) (-nan,inf) (3.5,-1.08736e-10) (3.5,1.08736e-10)

 base=(0 2)  2I=( -1 +3)  2J=(+12 +14 )
 conv 1.53051e-21
 iter 23
 roots (-0.298683,0.500001) (-0.298683,-0.500001) (0.617663,0.498928) (0.617663,-0.498928)
 dirty (-3.5,-1.50443e-10) (-2.5,1.50443e-10) (3.5,-6.29802e-11) (3.5,6.29802e-11)

 base=(0 2)  2I=( +1 -3)  2J=(+12 +10 )
 conv 1.5305e-21
 iter 23
 roots (0.298683,0.500001) (0.298683,-0.500001) (-0.617663,0.498928) (-0.617663,-0.498928)
 dirty (2.5,-1.50442e-10) (3.5,1.50442e-10) (-3.5,-6.29804e-11) (-3.5,6.29802e-11)

 base=(0 2)  2I=( -1 -3)  2J=(+10 +10 )
 conv 3.96323e-21
 iter 25
 roots (-0.0328952,0.5) (-0.0328952,-0.5) (-0.535245,0.499498) (-0.535245,-0.499498)
 dirty (-nan,-inf) (-nan,inf) (-3.5,-1.08736e-10) (-3.5,1.08736e-10)

 base=(0 2)  2I=( +3 -3)  2J=(+14 +10 )
 conv 3.24897e-21
 iter 32
 roots (0.686221,0.498073) (0.686221,-0.498073) (-0.686221,0.498073) (-0.686221,-0.498073)
 dirty (3.5,-1.22964e-09) (3.5,1.22964e-09) (-3.5,-1.22964e-09) (-3.5,1.22964e-09)

 base=(0 2)  2I=( +1 +5)  2J=(+14 +16 )
 conv 3.57008e-21
 iter 29
 roots (-0.0558184,0.5) (-0.0558184,-0.5) (1.077,0.542597) (1.077,-0.542597)
 dirty (-2.5,-0.000527557) (-2.5,0.000527557) (3.5,4.2341e-11) (4.5,-4.2341e-11)

 base=(0 2)  2I=( -1 +5)  2J=(+12 +16 )
 conv 2.79614e-21
 iter 29
 roots (-0.366907,0.500005) (-0.366907,-0.500005) (1.15332,0.549192) (1.15332,-0.549192)
 dirty (-3.5,5.28314e-11) (-2.5,-5.28314e-11) (3.5,-3.45674e-11) (4.5,3.45674e-11)

 base=(0 2)  2I=( +3 +5)  2J=(+16 +16 )
 conv 4.10912e-21
 iter 29
 roots (0.26418,0.5) (0.26418,-0.5) (0.969902,0.53483) (0.969902,-0.53483)
 dirty (3.5,-1.1247e-10) (4.5,1.1247e-10) (3.5,2.32936e-11) (4.5,-2.32936e-11)

 base=(0 2)  2I=( -3 +5)  2J=(+10 +16 )
 conv 1.28092e-21
 iter 30
 roots (-0.752777,0.49678) (-0.752777,-0.49678) (1.22323,0.555892) (1.22323,-0.555892)
 dirty (-3.5,-1.16334e-11) (-3.5,1.16334e-11) (3.5,2.28205e-11) (4.5,-2.28205e-11)

 base=(0 2)  2I=( +1 -5)  2J=(+12 +8 )
 conv 2.79613e-21
 iter 29
 roots (0.366907,0.500005) (0.366907,-0.500005) (-1.15332,0.549192) (-1.15332,-0.549192)
 dirty (2.5,5.28319e-11) (3.5,-5.28319e-11) (-4.5,-3.45674e-11) (-3.5,3.45674e-11)

 base=(0 2)  2I=( -1 -5)  2J=(+10 +8 )
 conv 3.57008e-21
 iter 29
 roots (0.0558184,0.5) (0.0558184,-0.5) (-1.077,0.542597) (-1.077,-0.542597)
 dirty (2.5,-0.000527557) (2.5,0.000527557) (-4.5,4.2341e-11) (-3.5,-4.2341e-11)

 base=(0 2)  2I=( +3 -5)  2J=(+14 +8 )
 conv 1.28092e-21
 iter 30
 roots (0.752777,0.49678) (0.752777,-0.49678) (-1.22323,0.555892) (-1.22323,-0.555892)
 dirty (3.5,-1.16334e-11) (3.5,1.16334e-11) (-4.5,2.28205e-11) (-3.5,-2.28205e-11)

 base=(0 2)  2I=( -3 -5)  2J=(+8 +8 )
 conv 4.10911e-21
 iter 29
 roots (-0.26418,0.5) (-0.26418,-0.5) (-0.969902,0.53483) (-0.969902,-0.53483)
 dirty (-4.5,-1.1247e-10) (-3.5,1.1247e-10) (-4.5,2.32938e-11) (-3.5,-2.32937e-11)

 base=(0 2)  2I=( +5 -5)  2J=(+16 +8 )
 conv 1.30411e-21
 iter 27
 roots (1.29622,0.563529) (1.29622,-0.563529) (-1.29622,0.563529) (-1.29622,-0.563529)
 dirty (3.5,-2.99751e-11) (4.5,2.99751e-11) (-4.5,-2.99751e-11) (-3.5,2.99751e-11)
15 states scanned
0 not converged: 

 base=(1 0 1)  2I=(+0  +0)  2J=(-1 +23 )
 conv 8.87931e-21
 iter 25
 roots (-0.159182,0) (0.159182,0) (0,1.00185) (0,0) (-0,-1.00185)
 dirty (-0.5,0) (0.5,0) (5,-4.18162e-09) (0,0) (-5,4.18162e-09)

 base=(1 0 1)  2I=(+2  +0)  2J=(+1 +25 )
 conv 1.99327e-21
 iter 17
 roots (0.145968,0) (-0.0330408,1.00008) (-0.0331466,0) (-0.0330408,-1.00008)
 dirty (0.5,0) (-6.5,-2.64951e-11) (0.5,0) (-5.5,2.6495e-11)

 base=(1 0 1)  2I=(-2  +0)  2J=(-1 +23 )
 conv 1.99327e-21
 iter 17
 roots (-0.145968,0) (0.0330408,1.00008) (0.0331466,0) (0.0330408,-1.00008)
 dirty (-0.5,0) (5.5,-2.64951e-11) (-0.5,0) (6.5,2.6495e-11)

 base=(1 0 1)  2I=(+4  +0)  2J=(+3 +25 )
 conv 9.50895e-21
 iter 16
 roots (0.321101,0) (-0.0708935,1.00006) (-0.0709099,0) (-0.0708935,-1.00006)
 dirty (1.5,0) (-6.5,6.81582e-12) (0.5,0) (-5.5,-6.81572e-12)

 base=(1 0 1)  2I=(-4  +0)  2J=(-3 +23 )
 conv 9.5089e-21
 iter 16
 roots (-0.321101,0) (0.0708935,1.00006) (0.0709099,0) (0.0708935,-1.00006)
 dirty (-1.5,0) (5.5,6.81582e-12) (-0.5,0) (6.5,-6.81572e-12)

 base=(1 0 1)  2I=(+6  +0)  2J=(+5 +25 )
 conv 4.60404e-21
 iter 16
 roots (0.586597,0) (-0.119598,1.00004) (-0.119571,0) (-0.119598,-1.00004)
 dirty (2.5,0) (-5.5,-2.12211e-11) (-1.5,0) (-4.5,2.12209e-11)

 base=(1 0 1)  2I=(-6  +0)  2J=(-5 +23 )
 conv 4.60405e-21
 iter 16
 roots (-0.586597,0) (0.119598,1.00004) (0.119571,0) (0.119598,-1.00004)
 dirty (-2.5,0) (4.5,-2.12494e-11) (1.5,0) (5.5,2.12495e-11)

 base=(1 0 1)  2I=(+8  +0)  2J=(+7 +25 )
 conv 8.04716e-22
 iter 18
 roots (1.2046,0) (-0.196474,0.999984) (-0.196436,0) (-0.196474,-0.999984)
 dirty (3.5,0) (-5.5,-4.33216e-12) (-1.5,0) (-4.5,4.33206e-12)

 base=(1 0 1)  2I=(-8  +0)  2J=(-7 +23 )
 conv 8.04691e-22
 iter 18
 roots (-1.2046,0) (0.196474,0.999984) (0.196436,0) (0.196474,-0.999984)
 dirty (-3.5,0) (4.5,-4.33216e-12) (1.5,0) (5.5,4.33206e-12)

 base=(1 0 1)  2I=(+0  +2)  2J=(+1 +25 )
 conv 6.4788e-22
 iter 15
 roots (-0.0313705,0) (0.503093,0.99935) (0.504476,0) (0.503093,-0.99935)
 dirty (0.5,0) (4.5,-3.54423e-12) (2.5,0) (5.5,3.54427e-12)

 base=(1 0 1)  2I=(+2  +2)  2J=(+3 +25 )
 conv 9.9411e-21
 iter 15
 roots (0.11084,0) (0.472112,0.998972) (0.473392,0) (0.472112,-0.998972)
 dirty (1.5,0) (4.5,7.51268e-11) (2.5,0) (5.5,-7.51267e-11)

 base=(1 0 1)  2I=(-2  +2)  2J=(-1 +25 )
 conv 3.11139e-21
 iter 15
 roots (-0.177802,0) (0.531501,0.999639) (0.533007,0) (0.531501,-0.999639)
 dirty (-0.5,0) (4.5,-2.23271e-11) (2.5,0) (5.5,2.23271e-11)

 base=(1 0 1)  2I=(+4  +2)  2J=(+5 +25 )
 conv 2.36576e-21
 iter 17
 roots (0.276645,0) (0.431747,0.997851) (0.433082,0) (0.431747,-0.997851)
 dirty (2.5,0) (4.5,1.42548e-11) (2.5,0) (5.5,-1.42548e-11)

 base=(1 0 1)  2I=(-4  +2)  2J=(-3 +25 )
 conv 2.71694e-22
 iter 16
 roots (-0.358142,0) (0.561793,0.99995) (0.563441,0) (0.561793,-0.99995)
 dirty (-1.5,0) (4.5,1.46265e-11) (2.5,0) (5.5,-1.46266e-11)

 base=(1 0 1)  2I=(+6  +2)  2J=(+5 +27 )
 conv 1.60074e-21
 iter 20
 roots (0.519996,0) (0.368514,1.00143) (0.368629,0) (0.368514,-1.00143)
 dirty (2.5,0) (5.5,8.43816e-11) (1.5,0) (6.5,-8.43815e-11)

 base=(1 0 1)  2I=(-6  +2)  2J=(-5 +25 )
 conv 5.11693e-21
 iter 15
 roots (-0.637823,0) (0.600085,1.00039) (0.601904,0) (0.600085,-1.00039)
 dirty (-2.5,0) (4.5,-8.23846e-11) (2.5,0) (5.5,8.23847e-11)

 base=(1 0 1)  2I=(+8  +2)  2J=(+7 +27 )
 conv 1.06141e-21
 iter 23
 roots (1.07838,0) (0.26085,1.00002) (0.260954,0) (0.26085,-1.00002)
 dirty (3.5,0) (5.5,1.08867e-11) (1.5,0) (6.5,-1.08865e-11)

 base=(1 0 1)  2I=(-8  +2)  2J=(-7 +25 )
 conv 7.5154e-21
 iter 17
 roots (-1.29961,0) (0.662151,1.00133) (0.664175,0) (0.662151,-1.00133)
 dirty (-3.5,0) (4.5,1.05781e-10) (2.5,0) (5.5,-1.05781e-10)

 base=(1 0 1)  2I=(+0  -2)  2J=(-1 +23 )
 conv 6.47881e-22
 iter 15
 roots (0.0313705,0) (-0.503093,0.99935) (-0.504476,0) (-0.503093,-0.99935)
 dirty (-0.5,0) (-5.5,-3.54423e-12) (-2.5,0) (-4.5,3.54427e-12)

 base=(1 0 1)  2I=(+2  -2)  2J=(+1 +23 )
 conv 3.11139e-21
 iter 15
 roots (0.177802,0) (-0.531501,0.999639) (-0.533007,0) (-0.531501,-0.999639)
 dirty (0.5,0) (-5.5,-2.23271e-11) (-2.5,0) (-4.5,2.23271e-11)

 base=(1 0 1)  2I=(-2  -2)  2J=(-3 +23 )
 conv 9.94115e-21
 iter 15
 roots (-0.11084,0) (-0.472112,0.998972) (-0.473392,0) (-0.472112,-0.998972)
 dirty (-1.5,0) (-5.5,7.51268e-11) (-2.5,0) (-4.5,-7.51267e-11)

 base=(1 0 1)  2I=(+4  -2)  2J=(+3 +23 )
 conv 2.71697e-22
 iter 16
 roots (0.358142,0) (-0.561793,0.99995) (-0.563441,0) (-0.561793,-0.99995)
 dirty (1.5,0) (-5.5,1.46265e-11) (-2.5,0) (-4.5,-1.46266e-11)

 base=(1 0 1)  2I=(-4  -2)  2J=(-5 +23 )
 conv 2.36576e-21
 iter 17
 roots (-0.276645,0) (-0.431747,0.997851) (-0.433082,0) (-0.431747,-0.997851)
 dirty (-2.5,0) (-5.5,1.42548e-11) (-2.5,0) (-4.5,-1.42548e-11)

 base=(1 0 1)  2I=(+6  -2)  2J=(+5 +23 )
 conv 5.11694e-21
 iter 15
 roots (0.637823,0) (-0.600085,1.00039) (-0.601904,0) (-0.600085,-1.00039)
 dirty (2.5,0) (-5.5,-8.23846e-11) (-2.5,0) (-4.5,8.23847e-11)

 base=(1 0 1)  2I=(-6  -2)  2J=(-5 +21 )
 conv 1.60074e-21
 iter 20
 roots (-0.519996,0) (-0.368514,1.00143) (-0.368629,0) (-0.368514,-1.00143)
 dirty (-2.5,0) (-6.5,8.43816e-11) (-1.5,0) (-5.5,-8.43815e-11)

 base=(1 0 1)  2I=(+8  -2)  2J=(+7 +23 )
 conv 7.5154e-21
 iter 17
 roots (1.29961,0) (-0.662151,1.00133) (-0.664175,0) (-0.662151,-1.00133)
 dirty (3.5,0) (-5.5,1.05781e-10) (-2.5,0) (-4.5,-1.05781e-10)

 base=(1 0 1)  2I=(-8  -2)  2J=(-7 +21 )
 conv 1.06141e-21
 iter 23
 roots (-1.07838,0) (-0.26085,1.00002) (-0.260954,0) (-0.26085,-1.00002)
 dirty (-3.5,0) (-6.5,1.08867e-11) (-1.5,0) (-5.5,-1.08865e-11)

 base=(1 0 1)  2I=(+0  +4)  2J=(+1 +27 )
 conv 4.31832e-21
 iter 26
 roots (-0.0577653,0) (1.05552,1.0161) (1.10675,0) (1.05552,-1.0161)
 dirty (0.5,0) (4.5,-4.79622e-11) (3.5,0) (5.5,4.79622e-11)

 base=(1 0 1)  2I=(+2  +4)  2J=(+3 +27 )
 conv 5.2453e-21
 iter 25
 roots (0.0798361,0) (1.02983,1.01424) (1.08079,0) (1.02983,-1.01424)
 dirty (1.5,0) (4.5,5.45709e-11) (3.5,0) (5.5,-5.45709e-11)

 base=(1 0 1)  2I=(-2  +4)  2J=(-1 +27 )
 conv 2.30593e-21
 iter 27
 roots (-0.204067,0) (1.07928,1.018) (1.13103,0) (1.07928,-1.018)
 dirty (-0.5,0) (4.5,2.28787e-11) (3.5,0) (5.5,-2.28786e-11)

 base=(1 0 1)  2I=(+4  +4)  2J=(+5 +27 )
 conv 7.66369e-22
 iter 26
 roots (0.232357,0) (0.996612,1.01206) (1.04788,0) (0.996612,-1.01206)
 dirty (2.5,0) (4.5,1.63022e-11) (3.5,0) (5.5,-1.63022e-11)

 base=(1 0 1)  2I=(-4  +4)  2J=(-3 +27 )
 conv 9.70439e-22
 iter 28
 roots (-0.388734,0) (1.10505,1.02027) (1.15764,0) (1.10505,-1.02027)
 dirty (-1.5,0) (4.5,2.97205e-14) (3.5,0) (5.5,-2.97559e-14)

 base=(1 0 1)  2I=(+6  +4)  2J=(+7 +27 )
 conv 8.23411e-22
 iter 25
 roots (0.439707,0) (0.940518,1.00886) (0.99498,0) (0.940518,-1.00886)
 dirty (3.5,0) (4.5,1.15875e-11) (3.5,0) (5.5,-1.15875e-11)

 base=(1 0 1)  2I=(-6  +4)  2J=(-5 +27 )
 conv 9.322e-21
 iter 27
 roots (-0.681111,0) (1.13847,1.02358) (1.19248,0) (1.13847,-1.02358)
 dirty (-2.5,0) (4.5,1.11072e-11) (3.5,0) (5.5,-1.11072e-11)

 base=(1 0 1)  2I=(+8  +4)  2J=(+9 +27 )
 conv 4.93859e-21
 iter 46
 roots (0.756513,0) (1.16252,0.978651) (1.40483,0) (1.16252,-0.978651)
 dirty (4.5,0) (4.5,-2.98479e-11) (4,0) (5.5,2.9848e-11)

 base=(1 0 1)  2I=(-8  +4)  2J=(-7 +27 )
 conv 4.5687e-21
 iter 30
 roots (-1.3843,0) (1.19464,1.03026) (1.25182,0) (1.19464,-1.03026)
 dirty (-3.5,0) (4.5,-3.7527e-11) (3.5,0) (5.5,3.75269e-11)

 base=(1 0 1)  2I=(+0  -4)  2J=(-1 +21 )
 conv 4.31833e-21
 iter 26
 roots (0.0577653,0) (-1.05552,1.0161) (-1.10675,0) (-1.05552,-1.0161)
 dirty (-0.5,0) (-5.5,-4.79622e-11) (-3.5,0) (-4.5,4.79622e-11)

 base=(1 0 1)  2I=(+2  -4)  2J=(+1 +21 )
 conv 2.30594e-21
 iter 27
 roots (0.204067,0) (-1.07928,1.018) (-1.13103,0) (-1.07928,-1.018)
 dirty (0.5,0) (-5.5,2.28791e-11) (-3.5,0) (-4.5,-2.28791e-11)

 base=(1 0 1)  2I=(-2  -4)  2J=(-3 +21 )
 conv 5.24522e-21
 iter 25
 roots (-0.0798361,0) (-1.02983,1.01424) (-1.08079,0) (-1.02983,-1.01424)
 dirty (-1.5,0) (-5.5,5.45703e-11) (-3.5,0) (-4.5,-5.45703e-11)

 base=(1 0 1)  2I=(+4  -4)  2J=(+3 +21 )
 conv 9.70436e-22
 iter 28
 roots (0.388734,0) (-1.10505,1.02027) (-1.15764,0) (-1.10505,-1.02027)
 dirty (1.5,0) (-5.5,2.98619e-14) (-3.5,0) (-4.5,-2.98972e-14)

 base=(1 0 1)  2I=(-4  -4)  2J=(-5 +21 )
 conv 7.66369e-22
 iter 26
 roots (-0.232357,0) (-0.996612,1.01206) (-1.04788,0) (-0.996612,-1.01206)
 dirty (-2.5,0) (-5.5,1.63015e-11) (-3.5,0) (-4.5,-1.63015e-11)

 base=(1 0 1)  2I=(+6  -4)  2J=(+5 +21 )
 conv 9.32198e-21
 iter 27
 roots (0.681111,0) (-1.13847,1.02358) (-1.19248,0) (-1.13847,-1.02358)
 dirty (2.5,0) (-5.5,1.11072e-11) (-3.5,0) (-4.5,-1.11072e-11)

 base=(1 0 1)  2I=(-6  -4)  2J=(-7 +21 )
 conv 8.23415e-22
 iter 25
 roots (-0.439707,0) (-0.940518,1.00886) (-0.99498,0) (-0.940518,-1.00886)
 dirty (-3.5,0) (-5.5,1.15871e-11) (-3.5,0) (-4.5,-1.15871e-11)

 base=(1 0 1)  2I=(+8  -4)  2J=(+7 +21 )
 conv 4.56873e-21
 iter 30
 roots (1.3843,0) (-1.19464,1.03026) (-1.25182,0) (-1.19464,-1.03026)
 dirty (3.5,0) (-5.5,-3.75272e-11) (-3.5,0) (-4.5,3.75272e-11)

 base=(1 0 1)  2I=(-8  -4)  2J=(-9 +21 )
 conv 4.9385e-21
 iter 46
 roots (-0.756513,0) (-1.16252,0.978651) (-1.40483,0) (-1.16252,-0.978651)
 dirty (-4.5,0) (-5.5,-2.98476e-11) (-4,0) (-4.5,2.98476e-11)
45 states scanned
0 not converged: 

 base=(0 0 0 1)  2I=(   +0)  2J=(+36 )
 conv 8.34526e-21
 iter 25
 roots (0,1.50298) (0,0.5) (-0,-0.5) (-0,-1.50298)
 dirty (4.5,-3.50861e-09) (2.5,0) (-2.5,0) (-4.5,3.50861e-09)

 base=(0 0 0 1)  2I=(   +2)  2J=(+38 )
 conv 2.85069e-21
 iter 13
 roots (0.545797,1.49156) (0.543058,0.499998) (0.543058,-0.499998) (0.545797,-1.49156)
 dirty (4.5,-3.68646e-11) (4.5,-1.29035e-10) (4.5,1.29035e-10) (5.5,3.68646e-11)

 base=(0 0 0 1)  2I=(   -2)  2J=(+34 )
 conv 2.85068e-21
 iter 13
 roots (-0.545797,1.49156) (-0.543058,0.499998) (-0.543058,-0.499998) (-0.545797,-1.49156)
 dirty (-5.5,-3.68646e-11) (-4.5,-1.29035e-10) (-4.5,1.29035e-10) (-4.5,3.68646e-11)

 base=(0 0 0 1)  2I=(   +4)  2J=(+40 )
 conv 7.83432e-21
 iter 25
 roots (1.11086,1.4633) (1.17011,0.504118) (1.17011,-0.504118) (1.11086,-1.4633)
 dirty (5.5,-4.67649e-11) (3.5,-2.75036e-11) (4.5,2.75037e-11) (6.5,4.67648e-11)

 base=(0 0 0 1)  2I=(   -4)  2J=(+32 )
 conv 7.83428e-21
 iter 25
 roots (-1.11086,1.4633) (-1.17011,0.504118) (-1.17011,-0.504118) (-1.11086,-1.4633)
 dirty (-6.5,-4.67646e-11) (-4.5,-2.74995e-11) (-3.5,2.74994e-11) (-5.5,4.67646e-11)
5 states scanned
0 not converged: 
275 states scanned
0 not converged: 
