N M: base: 
 base=(5)  2I=(+0 +2 -2 +4 -4) 
 guess-2J=(+0 +2 -2 +4 -4 )
 conv 9.32849e-22
 iter 7
 roots (-2.54633e-19,0) (0.179854,0) (0.438172,0) (-0.438172,0) (-0.179854,0) (2.54633e-19,0)
 dirty (8.83487e-18,0) (1,0) (2,0) (-2,0) (-1,0) (8.83487e-18,0)

 base=(5)  2I=(+0 +2 -2 +4 +6) 
 guess-2J=(+0 +2 -2 +4 +6 )
 conv 3.54511e-21
 iter 24
 roots (-0.0424841,0) (0.121624,0) (-0.216801,0) (0.325617,0) (0.756943,0)
 dirty (8.91403e-12,0) (1,0) (-1,0) (2,0) (3,0)

 base=(5)  2I=(+0 +2 -2 -4 +6) 
 guess-2J=(+0 +2 -2 -4 +6 )
 conv 5.12962e-21
 iter 22
 roots (-0.0135214,0) (0.151807,0) (-0.182665,0) (-0.414623,0) (0.845315,0)
 dirty (1.2584e-11,0) (1,0) (-1,0) (-2,0) (3,0)

 base=(5)  2I=(+0 +2 +4 -4 +6) 
 guess-2J=(+0 +2 +4 -4 +6 )
 conv 2.41693e-21
 iter 24
 roots (-0.0335554,0) (0.129921,0) (0.33524,0) (-0.446408,0) (0.775601,0)
 dirty (6.91032e-12,0) (1,0) (2,0) (-2,0) (3,0)

 base=(5)  2I=(+0 -2 +4 -4 +6) 
 guess-2J=(+0 -2 +4 -4 +6 )
 conv 5.21815e-21
 iter 23
 roots (-0.0208572,0) (-0.190249,0) (0.352392,0) (-0.424617,0) (0.812227,0)
 dirty (1.01704e-11,0) (-1,0) (2,0) (-2,0) (3,0)

 base=(5)  2I=(+2 -2 +4 -4 +6) 
 guess-2J=(+2 -2 +4 -4 +6 )
 conv 9.63487e-21
 iter 23
 roots (0.136487,0) (-0.197117,0) (0.343406,0) (-0.43432,0) (0.792294,0)
 dirty (1,0) (-1,0) (2,0) (-2,0) (3,0)

 base=(5)  2I=(+0 +2 -2 +4 -6) 
 guess-2J=(+0 +2 -2 +4 -6 )
 conv 5.12962e-21
 iter 22
 roots (0.0135214,0) (0.182665,0) (-0.151807,0) (0.414623,0) (-0.845315,0)
 dirty (-1.2584e-11,0) (1,0) (-1,0) (2,0) (-3,0)

 base=(5)  2I=(+0 +2 -2 -4 -6) 
 guess-2J=(+0 +2 -2 -4 -6 )
 conv 3.54511e-21
 iter 24
 roots (0.0424841,0) (0.216801,0) (-0.121624,0) (-0.325617,0) (-0.756943,0)
 dirty (-8.91403e-12,0) (1,0) (-1,0) (-2,0) (-3,0)

 base=(5)  2I=(+0 +2 +4 -4 -6) 
 guess-2J=(+0 +2 +4 -4 -6 )
 conv 5.21815e-21
 iter 23
 roots (0.0208572,0) (0.190249,0) (0.424617,0) (-0.352392,0) (-0.812227,0)
 dirty (-1.01704e-11,0) (1,0) (2,0) (-2,0) (-3,0)

 base=(5)  2I=(+0 -2 +4 -4 -6) 
 guess-2J=(+0 -2 +4 -4 -6 )
 conv 2.41693e-21
 iter 24
 roots (0.0335554,0) (-0.129921,0) (0.446408,0) (-0.33524,0) (-0.775601,0)
 dirty (-6.91032e-12,0) (-1,0) (2,0) (-2,0) (-3,0)

 base=(5)  2I=(+2 -2 +4 -4 -6) 
 guess-2J=(+2 -2 +4 -4 -6 )
 conv 9.63487e-21
 iter 23
 roots (0.197117,0) (-0.136487,0) (0.43432,0) (-0.343406,0) (-0.792294,0)
 dirty (1,0) (-1,0) (2,0) (-2,0) (-3,0)

 base=(5)  2I=(+0 +2 -2 +6 -6) 
 guess-2J=(+0 +2 -2 +6 -6 )
 conv 2.68991e-21
 iter 8
 roots (1.11076e-19,0) (0.170883,0) (1.18836,0) (-1.18836,0) (-0.170883,0) (-1.11076e-19,0)
 dirty (-1.76697e-17,0) (1,0) (3,0) (-3,0) (-1,0) (-1.76697e-17,0)

 base=(5)  2I=(+0 +2 +4 +6 -6) 
 guess-2J=(+0 +2 +4 +6 -6 )
 conv 2.78611e-21
 iter 24
 roots (-0.0192868,0) (0.14267,0) (0.349626,0) (0.803861,0) (-0.93243,0)
 dirty (5.07394e-12,0) (1,0) (2,0) (3,0) (-3,0)

 base=(5)  2I=(+0 -2 +4 +6 -6) 
 guess-2J=(+0 -2 +4 +6 -6 )
 conv 8.39533e-21
 iter 23
 roots (-0.0072295,0) (-0.171482,0) (0.366577,0) (0.840381,0) (-0.892352,0)
 dirty (5.33322e-12,0) (-1,0) (2,0) (3,0) (-3,0)

 base=(5)  2I=(+2 -2 +4 +6 -6) 
 guess-2J=(+2 -2 +4 +6 -6 )
 conv 1.95321e-21
 iter 24
 roots (0.148963,0) (-0.177884,0) (0.357581,0) (0.820269,0) (-0.909966,0)
 dirty (1,0) (-1,0) (2,0) (3,0) (-3,0)

 base=(5)  2I=(+0 +2 -4 +6 -6) 
 guess-2J=(+0 +2 -4 +6 -6 )
 conv 8.39533e-21
 iter 23
 roots (0.0072295,0) (0.171482,0) (-0.366577,0) (0.892352,0) (-0.840381,0)
 dirty (-5.33319e-12,0) (1,0) (-2,0) (3,0) (-3,0)

 base=(5)  2I=(+0 -2 -4 +6 -6) 
 guess-2J=(+0 -2 -4 +6 -6 )
 conv 2.78611e-21
 iter 24
 roots (0.0192868,0) (-0.14267,0) (-0.349626,0) (0.93243,0) (-0.803861,0)
 dirty (-5.07397e-12,0) (-1,0) (-2,0) (3,0) (-3,0)

 base=(5)  2I=(+2 -2 -4 +6 -6) 
 guess-2J=(+2 -2 -4 +6 -6 )
 conv 1.95321e-21
 iter 24
 roots (0.177884,0) (-0.148963,0) (-0.357581,0) (0.909966,0) (-0.820269,0)
 dirty (1,0) (-1,0) (-2,0) (3,0) (-3,0)

 base=(5)  2I=(+0 +4 -4 +6 -6) 
 guess-2J=(+0 +4 -4 +6 -6 )
 conv 1.4209e-21
 iter 19
 roots (1.10215e-18,0) (0.397628,0) (1.15571,0) (-1.15571,0) (-0.397628,0) (-1.10215e-18,0)
 dirty (-1.83714e-17,0) (2,0) (3,0) (-3,0) (-2,0) (-1.76697e-17,0)

 base=(5)  2I=(+2 +4 -4 +6 -6) 
 guess-2J=(+2 +4 -4 +6 -6 )
 conv 1.80313e-21
 iter 24
 roots (0.156116,0) (0.366191,0) (-0.383339,0) (0.837272,0) (-0.87436,0)
 dirty (1,0) (2,0) (-2,0) (3,0) (-3,0)

 base=(5)  2I=(-2 +4 -4 +6 -6) 
 guess-2J=(-2 +4 -4 +6 -6 )
 conv 1.80313e-21
 iter 24
 roots (-0.156116,0) (0.383339,0) (-0.366191,0) (0.87436,0) (-0.837272,0)
 dirty (-1,0) (2,0) (-2,0) (3,0) (-3,0)
21 states scanned
0 not converged: 

 base=(3 1)  2I=(+0 +2 -2 +0) 
 guess-2J=(+0 +2 -2 +12 )
 conv 7.93103e-23
 iter 3
 roots (-5.91408e-19,0) (0.190782,0) (-0.190782,0) (5.91408e-19,0) (0,0.5) (-0,-0.5)
 dirty (-8.45837e-18,0) (1,0) (-1,0) (0,0) (5.5,44.4851) (-5.5,-44.4851)

 base=(3 1)  2I=(+0 +2 +4 +0) 
 guess-2J=(+0 +2 +4 +12 )
 conv 4.7612e-21
 iter 38
 roots (0.00359096,0) (0.176488,0) (0.409771,0) (-0.252843,0.499999) (-0.252843,-0.499999)
 dirty (-5.69883e-11,0) (1,0) (2,0) (-3,-4.4025e-10) (-3,4.4025e-10)

 base=(3 1)  2I=(+0 -2 +4 +0) 
 guess-2J=(+0 -2 +4 +12 )
 conv 8.45372e-21
 iter 52
 roots (0.00238105,0) (-0.175358,0) (0.417571,0) (-0.101803,0.5) (-0.101803,-0.5)
 dirty (-8.32054e-11,0) (-1,0) (2,0) (-3,-4.80946e-08) (-3,4.80946e-08)

 base=(3 1)  2I=(+2 -2 +4 +0) 
 guess-2J=(+2 -2 +4 +12 )
 conv 4.68613e-21
 iter 45
 roots (0.177655,0) (-0.173059,0) (0.413204,0) (-0.177039,0.5) (-0.177039,-0.5)
 dirty (1,0) (-1,0) (2,0) (-3,-4.546e-10) (-3,4.546e-10)

 base=(3 1)  2I=(+0 +2 -4 +0) 
 guess-2J=(+0 +2 -4 +12 )
 conv 8.45372e-21
 iter 52
 roots (-0.00238105,0) (0.175358,0) (-0.417571,0) (0.101803,0.5) (0.101803,-0.5)
 dirty (8.32054e-11,0) (1,0) (-2,0) (3,-4.80946e-08) (3,4.80946e-08)

 base=(3 1)  2I=(+0 -2 -4 +0) 
 guess-2J=(+0 -2 -4 +12 )
 conv 4.7612e-21
 iter 38
 roots (-0.00359096,0) (-0.176488,0) (-0.409771,0) (0.252843,0.499999) (0.252843,-0.499999)
 dirty (5.69882e-11,0) (-1,0) (-2,0) (3,-4.40248e-10) (3,4.40248e-10)

 base=(3 1)  2I=(+2 -2 -4 +0) 
 guess-2J=(+2 -2 -4 +12 )
 conv 4.68613e-21
 iter 45
 roots (0.173059,0) (-0.177655,0) (-0.413204,0) (0.177039,0.5) (0.177039,-0.5)
 dirty (1,0) (-1,0) (-2,0) (3,-4.54597e-10) (3,4.54597e-10)

 base=(3 1)  2I=(+0 +4 -4 +0) 
 guess-2J=(+0 +4 -4 +12 )
 conv 2.72632e-21
 iter 3
 roots (-1.87803e-18,0) (0.460638,0) (-0.460638,0) (1.87803e-18,0) (0,0.5) (-0,-0.5)
 dirty (-1.488e-17,0) (2,0) (-2,0) (1.60756e-17,0) (5.5,44.5495) (-5.5,-44.5495)

 base=(3 1)  2I=(+2 +4 -4 +0) 
 guess-2J=(+2 +4 -4 +12 )
 conv 8.94224e-21
 iter 40
 roots (0.176727,0) (0.413983,0) (-0.416502,0) (-0.0751093,0.5) (-0.0751093,-0.5)
 dirty (1,0) (2,0) (-2,0) (-3,-4.08045e-06) (-3,4.08045e-06)

 base=(3 1)  2I=(-2 +4 -4 +0) 
 guess-2J=(-2 +4 -4 +12 )
 conv 8.94224e-21
 iter 40
 roots (-0.176727,0) (0.416502,0) (-0.413983,0) (0.0751093,0.5) (0.0751093,-0.5)
 dirty (-1,0) (2,0) (-2,0) (3,-4.08045e-06) (3,4.08045e-06)

 base=(3 1)  2I=(+0 +2 +6 +0) 
 guess-2J=(+0 +2 +6 +12 )
 conv 3.47184e-21
 iter 35
 roots (-0.00521442,0) (0.162076,0) (0.872668,0) (-0.316312,0.499995) (-0.316312,-0.499995)
 dirty (-3.91649e-11,0) (1,0) (3,0) (-3,-2.64293e-10) (-3,2.64293e-10)

 base=(3 1)  2I=(+0 -2 +6 +0) 
 guess-2J=(+0 -2 +6 +12 )
 conv 9.16904e-21
 iter 44
 roots (-0.00268944,0) (-0.177213,0) (0.897572,0) (-0.195392,0.5) (-0.195392,-0.5)
 dirty (-7.42761e-11,0) (-1,0) (3,0) (-3,-8.55463e-10) (-3,8.55463e-10)

 base=(3 1)  2I=(+2 -2 +6 +0) 
 guess-2J=(+2 -2 +6 +12 )
 conv 8.25878e-21
 iter 39
 roots (0.16453,0) (-0.177072,0) (0.882965,0) (-0.252879,0.499999) (-0.252879,-0.499999)
 dirty (1,0) (-1,0) (3,0) (-3,-5.55494e-10) (-3,5.55494e-10)

 base=(3 1)  2I=(+0 +4 +6 +0) 
 guess-2J=(+0 +4 +6 +12 )
 conv 3.54066e-21
 iter 33
 roots (-0.00986096,0) (0.368215,0) (0.842584,0) (-0.355215,0.499986) (-0.355215,-0.499986)
 dirty (-3.46562e-11,0) (2,0) (3,0) (-3,-2.16865e-10) (-3,2.16865e-10)

 base=(3 1)  2I=(+2 +4 +6 +0) 
 guess-2J=(+2 +4 +6 +12 )
 conv 4.07057e-21
 iter 30
 roots (0.150795,0) (0.361131,0) (0.825978,0) (-0.392658,0.499967) (-0.392658,-0.499967)
 dirty (1,0) (2,0) (3,0) (-3,-1.68138e-10) (-3,1.68138e-10)

 base=(3 1)  2I=(-2 +4 +6 +0) 
 guess-2J=(-2 +4 +6 +12 )
 conv 8.40298e-21
 iter 36
 roots (-0.179451,0) (0.373032,0) (0.853529,0) (-0.298505,0.499997) (-0.298505,-0.499997)
 dirty (-1,0) (2,0) (3,0) (-3,-4.52984e-10) (-3,4.52984e-10)

 base=(3 1)  2I=(+0 -4 +6 +0) 
 guess-2J=(+0 -4 +6 +12 )
 conv 7.36278e-21
 iter 39
 roots (-0.00413638,0) (-0.420421,0) (0.902526,0) (-0.0959538,0.5) (-0.0959538,-0.5)
 dirty (-6.9235e-11,0) (-2,0) (3,0) (-3,5.20771e-07) (-3,-5.20771e-07)

 base=(3 1)  2I=(+2 -4 +6 +0) 
 guess-2J=(+2 -4 +6 +12 )
 conv 5.28968e-21
 iter 37
 roots (0.165,0) (-0.420788,0) (0.889291,0) (-0.155399,0.5) (-0.155399,-0.5)
 dirty (1,0) (-2,0) (3,0) (-3,-9.19312e-10) (-3,9.19312e-10)

 base=(3 1)  2I=(-2 -4 +6 +0) 
 guess-2J=(-2 -4 +6 +12 )
 conv 3.91103e-21
 iter 36
 roots (-0.179324,0) (-0.41856,0) (0.909118,0) (-0.0266454,0.5) (-0.0266454,-0.5)
 dirty (-1,0) (-2,0) (3,0) (-nan,-inf) (-nan,inf)

 base=(3 1)  2I=(+4 -4 +6 +0) 
 guess-2J=(+4 -4 +6 +12 )
 conv 9.83005e-21
 iter 34
 roots (0.375816,0) (-0.42265,0) (0.86082,0) (-0.204763,0.5) (-0.204763,-0.5)
 dirty (2,0) (-2,0) (3,0) (-3,-8.31417e-10) (-3,8.31417e-10)

 base=(3 1)  2I=(+0 +2 -6 +0) 
 guess-2J=(+0 +2 -6 +12 )
 conv 9.16904e-21
 iter 44
 roots (0.00268944,0) (0.177213,0) (-0.897572,0) (0.195392,0.5) (0.195392,-0.5)
 dirty (7.42761e-11,0) (1,0) (-3,0) (3,-8.5546e-10) (3,8.5546e-10)

 base=(3 1)  2I=(+0 -2 -6 +0) 
 guess-2J=(+0 -2 -6 +12 )
 conv 3.47183e-21
 iter 35
 roots (0.00521442,0) (-0.162076,0) (-0.872668,0) (0.316312,0.499995) (0.316312,-0.499995)
 dirty (3.91648e-11,0) (-1,0) (-3,0) (3,-2.64292e-10) (3,2.64292e-10)

 base=(3 1)  2I=(+2 -2 -6 +0) 
 guess-2J=(+2 -2 -6 +12 )
 conv 8.25878e-21
 iter 39
 roots (0.177072,0) (-0.16453,0) (-0.882965,0) (0.252879,0.499999) (0.252879,-0.499999)
 dirty (1,0) (-1,0) (-3,0) (3,-5.55492e-10) (3,5.55492e-10)

 base=(3 1)  2I=(+0 +4 -6 +0) 
 guess-2J=(+0 +4 -6 +12 )
 conv 7.36279e-21
 iter 39
 roots (0.00413638,0) (0.420421,0) (-0.902526,0) (0.0959538,0.5) (0.0959538,-0.5)
 dirty (6.9235e-11,0) (2,0) (-3,0) (3,5.20771e-07) (3,-5.20771e-07)

 base=(3 1)  2I=(+2 +4 -6 +0) 
 guess-2J=(+2 +4 -6 +12 )
 conv 3.91103e-21
 iter 36
 roots (0.179324,0) (0.41856,0) (-0.909118,0) (0.0266454,0.5) (0.0266454,-0.5)
 dirty (1,0) (2,0) (-3,0) (-nan,-inf) (-nan,inf)

 base=(3 1)  2I=(-2 +4 -6 +0) 
 guess-2J=(-2 +4 -6 +12 )
 conv 5.28967e-21
 iter 37
 roots (-0.165,0) (0.420788,0) (-0.889291,0) (0.155399,0.5) (0.155399,-0.5)
 dirty (-1,0) (2,0) (-3,0) (3,-9.19309e-10) (3,9.19309e-10)

 base=(3 1)  2I=(+0 -4 -6 +0) 
 guess-2J=(+0 -4 -6 +12 )
 conv 3.54066e-21
 iter 33
 roots (0.00986096,0) (-0.368215,0) (-0.842584,0) (0.355215,0.499986) (0.355215,-0.499986)
 dirty (3.46563e-11,0) (-2,0) (-3,0) (3,-2.16864e-10) (3,2.16864e-10)

 base=(3 1)  2I=(+2 -4 -6 +0) 
 guess-2J=(+2 -4 -6 +12 )
 conv 8.40297e-21
 iter 36
 roots (0.179451,0) (-0.373032,0) (-0.853529,0) (0.298505,0.499997) (0.298505,-0.499997)
 dirty (1,0) (-2,0) (-3,0) (3,-4.52983e-10) (3,4.52983e-10)

 base=(3 1)  2I=(-2 -4 -6 +0) 
 guess-2J=(-2 -4 -6 +12 )
 conv 4.07057e-21
 iter 30
 roots (-0.150795,0) (-0.361131,0) (-0.825978,0) (0.392658,0.499967) (0.392658,-0.499967)
 dirty (-1,0) (-2,0) (-3,0) (3,-1.68137e-10) (3,1.68137e-10)

 base=(3 1)  2I=(+4 -4 -6 +0) 
 guess-2J=(+4 -4 -6 +12 )
 conv 9.83006e-21
 iter 34
 roots (0.42265,0) (-0.375816,0) (-0.86082,0) (0.204763,0.5) (0.204763,-0.5)
 dirty (2,0) (-2,0) (-3,0) (3,-8.31415e-10) (3,8.31415e-10)

 base=(3 1)  2I=(+0 +6 -6 +0) 
 guess-2J=(+0 +6 -6 +12 )
 conv 2.40175e-23
 iter 4
 roots (2.43875e-18,0) (1.25553,0) (-1.25553,0) (-2.43875e-18,0) (0,0.5) (-0,-0.5)
 dirty (3.17169e-17,0) (3,0) (-3,0) (2.07008e-18,0) (5.5,45.9116) (-5.5,-45.9116)

 base=(3 1)  2I=(+2 +6 -6 +0) 
 guess-2J=(+2 +6 -6 +12 )
 conv 6.18055e-21
 iter 28
 roots (0.168672,0) (0.904151,0) (-0.924449,0) (-0.0542628,0.5) (-0.0542628,-0.5)
 dirty (1,0) (3,0) (-3,0) (-3,0.000161688) (-3,-0.000161688)

 base=(3 1)  2I=(-2 +6 -6 +0) 
 guess-2J=(-2 +6 -6 +12 )
 conv 6.18055e-21
 iter 28
 roots (-0.168672,0) (0.924449,0) (-0.904151,0) (0.0542628,0.5) (0.0542628,-0.5)
 dirty (-1,0) (3,0) (-3,0) (3,0.000161688) (3,-0.000161688)

 base=(3 1)  2I=(+4 +6 -6 +0) 
 guess-2J=(+4 +6 -6 +12 )
 conv 3.60883e-21
 iter 26
 roots (0.381825,0) (0.876014,0) (-0.932968,0) (-0.10226,0.5) (-0.10226,-0.5)
 dirty (2,0) (3,0) (-3,0) (-3,1.77434e-07) (-3,-1.77434e-07)

 base=(3 1)  2I=(-4 +6 -6 +0) 
 guess-2J=(-4 +6 -6 +12 )
 conv 3.60881e-21
 iter 26
 roots (-0.381825,0) (0.932968,0) (-0.876014,0) (0.10226,0.5) (0.10226,-0.5)
 dirty (-2,0) (3,0) (-3,0) (3,1.77434e-07) (3,-1.77434e-07)

 base=(3 1)  2I=(+0 +2 -2 +2) 
 guess-2J=(+0 +2 -2 +14 )
 conv 7.95323e-21
 iter 31
 roots (-0.0616574,0) (0.098408,0) (-0.236289,0) (0.718607,0.509265) (0.718607,-0.509265)
 dirty (-3.21314e-11,0) (1,0) (-1,0) (3,9.17861e-11) (4,-9.17861e-11)

 base=(3 1)  2I=(+0 +2 +4 +2) 
 guess-2J=(+0 +2 +4 +14 )
 conv 9.2241e-21
 iter 58
 roots (-0.0767071,0) (0.0850332,0) (0.277711,0) (0.57315,0.502687) (0.57315,-0.502687)
 dirty (-3.62182e-11,0) (1,0) (2,0) (3,1.87077e-10) (4,-1.87077e-10)

 base=(3 1)  2I=(+0 -2 +4 +2) 
 guess-2J=(+0 -2 +4 +14 )
 conv 3.0378e-21
 iter 44
 roots (-0.0664151,0) (-0.241914,0) (0.284998,0) (0.657892,0.50594) (0.657892,-0.50594)
 dirty (-1.82799e-11,0) (-1,0) (2,0) (3,7.86728e-11) (4,-7.86728e-11)

 base=(3 1)  2I=(+2 -2 +4 +2) 
 guess-2J=(+2 -2 +4 +14 )
 conv 2.96428e-21
 iter 52
 roots (0.0896117,0) (-0.247903,0) (0.281299,0) (0.61456,0.504079) (0.61456,-0.504079)
 dirty (1,0) (-1,0) (2,0) (3,9.18489e-11) (4,-9.18489e-11)

 base=(3 1)  2I=(+0 +2 -4 +2) 
 guess-2J=(+0 +2 -4 +14 )
 conv 2.51308e-22
 iter 29
 roots (-0.0534188,0) (0.10543,0) (-0.471636,0) (0.752683,0.511293) (0.752683,-0.511293)
 dirty (7.69305e-12,0) (1,0) (-2,0) (3,-6.26216e-14) (4,6.26216e-14)

 base=(3 1)  2I=(+0 -2 -4 +2) 
 guess-2J=(+0 -2 -4 +14 )
 conv 2.00785e-21
 iter 29
 roots (-0.0424074,0) (-0.211298,0) (-0.451005,0) (0.814404,0.51523) (0.814404,-0.51523)
 dirty (1.21551e-11,0) (-1,0) (-2,0) (3,-5.37802e-11) (4,5.37802e-11)

 base=(3 1)  2I=(+2 -2 -4 +2) 
 guess-2J=(+2 -2 -4 +14 )
 conv 1.98753e-21
 iter 29
 roots (0.110805,0) (-0.217399,0) (-0.459913,0) (0.78167,0.5131) (0.78167,-0.5131)
 dirty (1,0) (-1,0) (-2,0) (3,4.36467e-11) (4,-4.36467e-11)

 base=(3 1)  2I=(+0 +4 -4 +2) 
 guess-2J=(+0 +4 -4 +14 )
 conv 3.76934e-21
 iter 40
 roots (-0.058321,0) (0.291056,0) (-0.479575,0) (0.695501,0.507828) (0.695501,-0.507828)
 dirty (-1.78117e-11,0) (2,0) (-2,0) (3,7.51803e-11) (4,-7.51803e-11)

 base=(3 1)  2I=(+2 +4 -4 +2) 
 guess-2J=(+2 +4 -4 +14 )
 conv 3.6252e-21
 iter 46
 roots (0.0961138,0) (0.286811,0) (-0.488443,0) (0.65572,0.505814) (0.65572,-0.505814)
 dirty (1,0) (2,0) (-2,0) (3,8.75236e-11) (4,-8.75236e-11)

 base=(3 1)  2I=(-2 +4 -4 +2) 
 guess-2J=(-2 +4 -4 +14 )
 conv 1.97035e-21
 iter 37
 roots (-0.223113,0) (0.296062,0) (-0.467864,0) (0.727061,0.509586) (0.727061,-0.509586)
 dirty (-1,0) (2,0) (-2,0) (3,4.67772e-11) (4,-4.67772e-11)

 base=(3 1)  2I=(+0 +2 +6 +2) 
 guess-2J=(+0 +2 +6 +14 )
 conv 5.10463e-21
 iter 61
 roots (-0.0736408,0) (0.0913224,0) (0.727399,0) (0.315876,0.500009) (0.315876,-0.500009)
 dirty (-3.03162e-11,0) (1,0) (3,0) (3,3.1563e-10) (4,-3.1563e-10)

 base=(3 1)  2I=(+0 -2 +6 +2) 
 guess-2J=(+0 -2 +6 +14 )
 conv 5.18917e-21
 iter 65
 roots (-0.066868,0) (-0.243518,0) (0.722046,0) (0.430005,0.500167) (0.430005,-0.500167)
 dirty (-2.00089e-11,0) (-1,0) (3,0) (3,1.9469e-10) (4,-1.9469e-10)

 base=(3 1)  2I=(+2 -2 +6 +2) 
 guess-2J=(+2 -2 +6 +14 )
 conv 5.47355e-21
 iter 55
 roots (0.0934307,0) (-0.248018,0) (0.725624,0) (0.371145,0.500043) (0.371145,-0.500043)
 dirty (1,0) (-1,0) (3,0) (3,2.56152e-10) (4,-2.56152e-10)

 base=(3 1)  2I=(+0 +4 +6 +2) 
 guess-2J=(+0 +4 +6 +14 )
 conv 5.60549e-21
 iter 57
 roots (-0.0723707,0) (0.299656,0) (0.731999,0) (0.205936,0.5) (0.205936,-0.5)
 dirty (-4.26773e-11,0) (2,0) (3,0) (3,6.58042e-10) (4,-6.58042e-10)

 base=(3 1)  2I=(+2 +4 +6 +2) 
 guess-2J=(+2 +4 +6 +14 )
 conv 5.60957e-21
 iter 56
 roots (0.0969956,0) (0.303351,0) (0.732984,0) (0.124127,0.5) (0.124127,-0.5)
 dirty (1,0) (2,0) (3,0) (3,-3.7324e-08) (4,3.7324e-08)

 base=(3 1)  2I=(-2 +4 +6 +2) 
 guess-2J=(-2 +4 +6 +14 )
 conv 7.42802e-21
 iter 56
 roots (-0.249565,0) (0.298146,0) (0.73152,0) (0.269268,0.500001) (0.269268,-0.500001)
 dirty (-1,0) (2,0) (3,0) (3,4.7953e-10) (4,-4.7953e-10)

 base=(3 1)  2I=(+0 -4 +6 +2) 
 guess-2J=(+0 -4 +6 +14 )
 conv 9.45191e-21
 iter 69
 roots (-0.059764,0) (-0.483445,0) (0.722865,0) (0.476646,0.500392) (0.476646,-0.500392)
 dirty (-2.26759e-11,0) (-2,0) (3,0) (3,2.2335e-10) (4,-2.2335e-10)

 base=(3 1)  2I=(+2 -4 +6 +2) 
 guess-2J=(+2 -4 +6 +14 )
 conv 5.95435e-21
 iter 65
 roots (0.0980544,0) (-0.49101,0) (0.726202,0) (0.422764,0.500138) (0.422764,-0.500138)
 dirty (1,0) (-2,0) (3,0) (3,2.18606e-10) (4,-2.18606e-10)

 base=(3 1)  2I=(-2 -4 +6 +2) 
 guess-2J=(-2 -4 +6 +14 )
 conv 9.88709e-21
 iter 73
 roots (-0.22622,0) (-0.472473,0) (0.722141,0) (0.517359,0.50075) (0.517359,-0.50075)
 dirty (-1,0) (-2,0) (3,0) (3,1.98712e-10) (4,-1.98712e-10)

 base=(3 1)  2I=(+4 -4 +6 +2) 
 guess-2J=(+4 -4 +6 +14 )
 conv 6.4394e-21
 iter 57
 roots (0.299125,0) (-0.495339,0) (0.733281,0) (0.327406,0.500011) (0.327406,-0.500011)
 dirty (2,0) (-2,0) (3,0) (3,3.43369e-10) (4,-3.43369e-10)

 base=(3 1)  2I=(+0 +2 -6 +2) 
 guess-2J=(+0 +2 -6 +14 )
 conv 1.17449e-21
 iter 31
 roots (-0.0399645,0) (0.116521,0) (-0.978244,0) (0.802191,0.514713) (0.802191,-0.514713)
 dirty (5.91315e-12,0) (1,0) (-3,0) (3,2.28237e-12) (4,-2.28237e-12)

 base=(3 1)  2I=(+0 -2 -6 +2) 
 guess-2J=(+0 -2 -6 +14 )
 conv 4.44289e-21
 iter 30
 roots (-0.0293625,0) (-0.19244,0) (-0.940404,0) (0.859945,0.518626) (0.859945,-0.518626)
 dirty (6.19388e-12,0) (-1,0) (-3,0) (3,3.91102e-11) (4,-3.91102e-11)

 base=(3 1)  2I=(+2 -2 -6 +2) 
 guess-2J=(+2 -2 -6 +14 )
 conv 2.69398e-21
 iter 31
 roots (0.121781,0) (-0.198192,0) (-0.95654,0) (0.828935,0.516507) (0.828935,-0.516507)
 dirty (1,0) (-1,0) (-3,0) (3,2.39404e-12) (4,-2.39404e-12)

 base=(3 1)  2I=(+0 +4 -6 +2) 
 guess-2J=(+0 +4 -6 +14 )
 conv 6.92082e-21
 iter 36
 roots (-0.0449957,0) (0.300767,0) (-0.992326,0) (0.748807,0.511091) (0.748807,-0.511091)
 dirty (-1.20805e-11,0) (2,0) (-3,0) (3,7.2021e-11) (4,-7.2021e-11)

 base=(3 1)  2I=(+2 +4 -6 +2) 
 guess-2J=(+2 +4 -6 +14 )
 conv 4.34366e-21
 iter 40
 roots (0.106679,0) (0.295977,0) (-1.00819,0) (0.712706,0.508906) (0.712706,-0.508906)
 dirty (1,0) (2,0) (-3,0) (3,7.34201e-11) (4,-7.34201e-11)

 base=(3 1)  2I=(-2 +4 -6 +2) 
 guess-2J=(-2 +4 -6 +14 )
 conv 4.64071e-21
 iter 34
 roots (-0.203783,0) (0.305966,0) (-0.970706,0) (0.777416,0.512907) (0.777416,-0.512907)
 dirty (-1,0) (2,0) (-3,0) (3,4.01746e-11) (4,-4.01746e-11)

 base=(3 1)  2I=(+0 -4 -6 +2) 
 guess-2J=(+0 -4 -6 +14 )
 conv 5.88021e-21
 iter 31
 roots (-0.0225231,0) (-0.39965,0) (-0.904818,0) (0.886025,0.520468) (0.886025,-0.520468)
 dirty (-1.92657e-12,0) (-2,0) (-3,0) (3,1.87852e-11) (4,-1.87852e-11)

 base=(3 1)  2I=(+2 -4 -6 +2) 
 guess-2J=(+2 -4 -6 +14 )
 conv 3.17591e-21
 iter 31
 roots (0.128063,0) (-0.407152,0) (-0.920316,0) (0.855872,0.518388) (0.855872,-0.518388)
 dirty (1,0) (-2,0) (-3,0) (3,1.45329e-11) (4,-1.45329e-11)

 base=(3 1)  2I=(-2 -4 -6 +2) 
 guess-2J=(-2 -4 -6 +14 )
 conv 1.35359e-21
 iter 31
 roots (-0.177489,0) (-0.390764,0) (-0.88485,0) (0.910359,0.522148) (0.910359,-0.522148)
 dirty (-1,0) (-2,0) (-3,0) (3,-1.07028e-11) (4,1.07028e-11)

 base=(3 1)  2I=(+4 -4 -6 +2) 
 guess-2J=(+4 -4 -6 +14 )
 conv 6.0156e-21
 iter 33
 roots (0.31212,0) (-0.414236,0) (-0.934146,0) (0.805936,0.51482) (0.805936,-0.51482)
 dirty (2,0) (-2,0) (-3,0) (3,1.95535e-11) (4,-1.95535e-11)

 base=(3 1)  2I=(+0 +6 -6 +2) 
 guess-2J=(+0 +6 -6 +14 )
 conv 6.9812e-21
 iter 78
 roots (-0.0474853,0) (0.725336,0) (-1.00034,0) (0.539859,0.501034) (0.539859,-0.501034)
 dirty (-1.55591e-11,0) (3,0) (-3,0) (3,1.57295e-10) (4,-1.57295e-10)

 base=(3 1)  2I=(+2 +6 -6 +2) 
 guess-2J=(+2 +6 -6 +14 )
 conv 6.58955e-21
 iter 74
 roots (0.106649,0) (0.728805,0) (-1.01447,0) (0.490527,0.500479) (0.490527,-0.500479)
 dirty (1,0) (3,0) (-3,0) (3,1.82467e-10) (4,-1.82467e-10)

 base=(3 1)  2I=(-2 +6 -6 +2) 
 guess-2J=(-2 +6 -6 +14 )
 conv 9.02253e-21
 iter 80
 roots (-0.20751,0) (0.724488,0) (-0.979744,0) (0.577082,0.50168) (0.577082,-0.50168)
 dirty (-1,0) (3,0) (-3,0) (3,1.58512e-10) (4,-1.58512e-10)

 base=(3 1)  2I=(+4 +6 -6 +2) 
 guess-2J=(+4 +6 -6 +14 )
 conv 7.50586e-21
 iter 64
 roots (0.303051,0) (0.737849,0) (-1.02365,0) (0.401209,0.500073) (0.401209,-0.500073)
 dirty (2,0) (3,0) (-3,0) (3,2.79997e-10) (4,-2.79997e-10)

 base=(3 1)  2I=(-4 +6 -6 +2) 
 guess-2J=(-4 +6 -6 +14 )
 conv 9.79242e-21
 iter 82
 roots (-0.419488,0) (0.72504,0) (-0.943745,0) (0.612799,0.502527) (0.612799,-0.502527)
 dirty (-2,0) (3,0) (-3,0) (3,1.48216e-10) (4,-1.48216e-10)

 base=(3 1)  2I=(+0 +2 -2 -2) 
 guess-2J=(+0 +2 -2 +10 )
 conv 7.95323e-21
 iter 31
 roots (0.0616574,0) (0.236289,0) (-0.098408,0) (-0.718607,0.509265) (-0.718607,-0.509265)
 dirty (3.21314e-11,0) (1,0) (-1,0) (-4,9.17861e-11) (-3,-9.17861e-11)

 base=(3 1)  2I=(+0 +2 +4 -2) 
 guess-2J=(+0 +2 +4 +10 )
 conv 2.00785e-21
 iter 29
 roots (0.0424074,0) (0.211298,0) (0.451005,0) (-0.814404,0.51523) (-0.814404,-0.51523)
 dirty (-1.21551e-11,0) (1,0) (2,0) (-4,-5.37802e-11) (-3,5.37802e-11)

 base=(3 1)  2I=(+0 -2 +4 -2) 
 guess-2J=(+0 -2 +4 +10 )
 conv 2.51308e-22
 iter 29
 roots (0.0534188,0) (-0.10543,0) (0.471636,0) (-0.752683,0.511293) (-0.752683,-0.511293)
 dirty (-7.69305e-12,0) (-1,0) (2,0) (-4,-6.26216e-14) (-3,6.26216e-14)

 base=(3 1)  2I=(+2 -2 +4 -2) 
 guess-2J=(+2 -2 +4 +10 )
 conv 1.98753e-21
 iter 29
 roots (0.217399,0) (-0.110805,0) (0.459913,0) (-0.78167,0.5131) (-0.78167,-0.5131)
 dirty (1,0) (-1,0) (2,0) (-4,4.36468e-11) (-3,-4.36468e-11)

 base=(3 1)  2I=(+0 +2 -4 -2) 
 guess-2J=(+0 +2 -4 +10 )
 conv 3.0378e-21
 iter 44
 roots (0.0664151,0) (0.241914,0) (-0.284998,0) (-0.657892,0.50594) (-0.657892,-0.50594)
 dirty (1.82799e-11,0) (1,0) (-2,0) (-4,7.86728e-11) (-3,-7.86728e-11)

 base=(3 1)  2I=(+0 -2 -4 -2) 
 guess-2J=(+0 -2 -4 +10 )
 conv 9.2241e-21
 iter 58
 roots (0.0767071,0) (-0.0850332,0) (-0.277711,0) (-0.57315,0.502687) (-0.57315,-0.502687)
 dirty (3.62182e-11,0) (-1,0) (-2,0) (-4,1.87077e-10) (-3,-1.87077e-10)

 base=(3 1)  2I=(+2 -2 -4 -2) 
 guess-2J=(+2 -2 -4 +10 )
 conv 2.96428e-21
 iter 52
 roots (0.247903,0) (-0.0896117,0) (-0.281299,0) (-0.61456,0.504079) (-0.61456,-0.504079)
 dirty (1,0) (-1,0) (-2,0) (-4,9.18489e-11) (-3,-9.18489e-11)

 base=(3 1)  2I=(+0 +4 -4 -2) 
 guess-2J=(+0 +4 -4 +10 )
 conv 3.76934e-21
 iter 40
 roots (0.058321,0) (0.479575,0) (-0.291056,0) (-0.695501,0.507828) (-0.695501,-0.507828)
 dirty (1.78116e-11,0) (2,0) (-2,0) (-4,7.51803e-11) (-3,-7.51803e-11)

 base=(3 1)  2I=(+2 +4 -4 -2) 
 guess-2J=(+2 +4 -4 +10 )
 conv 1.97035e-21
 iter 37
 roots (0.223113,0) (0.467864,0) (-0.296062,0) (-0.727061,0.509586) (-0.727061,-0.509586)
 dirty (1,0) (2,0) (-2,0) (-4,4.67772e-11) (-3,-4.67772e-11)

 base=(3 1)  2I=(-2 +4 -4 -2) 
 guess-2J=(-2 +4 -4 +10 )
 conv 3.6252e-21
 iter 46
 roots (-0.0961138,0) (0.488443,0) (-0.286811,0) (-0.65572,0.505814) (-0.65572,-0.505814)
 dirty (-1,0) (2,0) (-2,0) (-4,8.75236e-11) (-3,-8.75236e-11)

 base=(3 1)  2I=(+0 +2 +6 -2) 
 guess-2J=(+0 +2 +6 +10 )
 conv 4.44289e-21
 iter 30
 roots (0.0293625,0) (0.19244,0) (0.940404,0) (-0.859945,0.518626) (-0.859945,-0.518626)
 dirty (-6.19388e-12,0) (1,0) (3,0) (-4,3.91102e-11) (-3,-3.91102e-11)

 base=(3 1)  2I=(+0 -2 +6 -2) 
 guess-2J=(+0 -2 +6 +10 )
 conv 1.17449e-21
 iter 31
 roots (0.0399645,0) (-0.116521,0) (0.978244,0) (-0.802191,0.514713) (-0.802191,-0.514713)
 dirty (-5.91315e-12,0) (-1,0) (3,0) (-4,2.28237e-12) (-3,-2.28237e-12)

 base=(3 1)  2I=(+2 -2 +6 -2) 
 guess-2J=(+2 -2 +6 +10 )
 conv 2.69398e-21
 iter 31
 roots (0.198192,0) (-0.121781,0) (0.95654,0) (-0.828935,0.516507) (-0.828935,-0.516507)
 dirty (1,0) (-1,0) (3,0) (-4,2.39404e-12) (-3,-2.39404e-12)

 base=(3 1)  2I=(+0 +4 +6 -2) 
 guess-2J=(+0 +4 +6 +10 )
 conv 5.88021e-21
 iter 31
 roots (0.0225231,0) (0.39965,0) (0.904818,0) (-0.886025,0.520468) (-0.886025,-0.520468)
 dirty (1.92657e-12,0) (2,0) (3,0) (-4,1.87852e-11) (-3,-1.87852e-11)

 base=(3 1)  2I=(+2 +4 +6 -2) 
 guess-2J=(+2 +4 +6 +10 )
 conv 1.35359e-21
 iter 31
 roots (0.177489,0) (0.390764,0) (0.88485,0) (-0.910359,0.522148) (-0.910359,-0.522148)
 dirty (1,0) (2,0) (3,0) (-4,-1.07028e-11) (-3,1.07028e-11)

 base=(3 1)  2I=(-2 +4 +6 -2) 
 guess-2J=(-2 +4 +6 +10 )
 conv 3.17591e-21
 iter 31
 roots (-0.128063,0) (0.407152,0) (0.920316,0) (-0.855872,0.518388) (-0.855872,-0.518388)
 dirty (-1,0) (2,0) (3,0) (-4,1.45329e-11) (-3,-1.45329e-11)

 base=(3 1)  2I=(+0 -4 +6 -2) 
 guess-2J=(+0 -4 +6 +10 )
 conv 6.92082e-21
 iter 36
 roots (0.0449957,0) (-0.300767,0) (0.992326,0) (-0.748807,0.511091) (-0.748807,-0.511091)
 dirty (1.20805e-11,0) (-2,0) (3,0) (-4,7.2021e-11) (-3,-7.2021e-11)

 base=(3 1)  2I=(+2 -4 +6 -2) 
 guess-2J=(+2 -4 +6 +10 )
 conv 4.64071e-21
 iter 34
 roots (0.203783,0) (-0.305966,0) (0.970706,0) (-0.777416,0.512907) (-0.777416,-0.512907)
 dirty (1,0) (-2,0) (3,0) (-4,4.01746e-11) (-3,-4.01746e-11)

 base=(3 1)  2I=(-2 -4 +6 -2) 
 guess-2J=(-2 -4 +6 +10 )
 conv 4.34366e-21
 iter 40
 roots (-0.106679,0) (-0.295977,0) (1.00819,0) (-0.712706,0.508906) (-0.712706,-0.508906)
 dirty (-1,0) (-2,0) (3,0) (-4,7.34201e-11) (-3,-7.34201e-11)

 base=(3 1)  2I=(+4 -4 +6 -2) 
 guess-2J=(+4 -4 +6 +10 )
 conv 6.0156e-21
 iter 33
 roots (0.414236,0) (-0.31212,0) (0.934146,0) (-0.805936,0.51482) (-0.805936,-0.51482)
 dirty (2,0) (-2,0) (3,0) (-4,1.95535e-11) (-3,-1.95535e-11)

 base=(3 1)  2I=(+0 +2 -6 -2) 
 guess-2J=(+0 +2 -6 +10 )
 conv 5.18917e-21
 iter 65
 roots (0.066868,0) (0.243518,0) (-0.722046,0) (-0.430005,0.500167) (-0.430005,-0.500167)
 dirty (2.00089e-11,0) (1,0) (-3,0) (-4,1.9469e-10) (-3,-1.9469e-10)

 base=(3 1)  2I=(+0 -2 -6 -2) 
 guess-2J=(+0 -2 -6 +10 )
 conv 5.10463e-21
 iter 61
 roots (0.0736408,0) (-0.0913224,0) (-0.727399,0) (-0.315876,0.500009) (-0.315876,-0.500009)
 dirty (3.03162e-11,0) (-1,0) (-3,0) (-4,3.1563e-10) (-3,-3.1563e-10)

 base=(3 1)  2I=(+2 -2 -6 -2) 
 guess-2J=(+2 -2 -6 +10 )
 conv 5.47355e-21
 iter 55
 roots (0.248018,0) (-0.0934307,0) (-0.725624,0) (-0.371145,0.500043) (-0.371145,-0.500043)
 dirty (1,0) (-1,0) (-3,0) (-4,2.56152e-10) (-3,-2.56152e-10)

 base=(3 1)  2I=(+0 +4 -6 -2) 
 guess-2J=(+0 +4 -6 +10 )
 conv 9.45191e-21
 iter 69
 roots (0.059764,0) (0.483445,0) (-0.722865,0) (-0.476646,0.500392) (-0.476646,-0.500392)
 dirty (2.26759e-11,0) (2,0) (-3,0) (-4,2.2335e-10) (-3,-2.2335e-10)

 base=(3 1)  2I=(+2 +4 -6 -2) 
 guess-2J=(+2 +4 -6 +10 )
 conv 9.88709e-21
 iter 73
 roots (0.22622,0) (0.472473,0) (-0.722141,0) (-0.517359,0.50075) (-0.517359,-0.50075)
 dirty (1,0) (2,0) (-3,0) (-4,1.98712e-10) (-3,-1.98712e-10)

 base=(3 1)  2I=(-2 +4 -6 -2) 
 guess-2J=(-2 +4 -6 +10 )
 conv 5.95435e-21
 iter 65
 roots (-0.0980544,0) (0.49101,0) (-0.726202,0) (-0.422764,0.500138) (-0.422764,-0.500138)
 dirty (-1,0) (2,0) (-3,0) (-4,2.18606e-10) (-3,-2.18606e-10)

 base=(3 1)  2I=(+0 -4 -6 -2) 
 guess-2J=(+0 -4 -6 +10 )
 conv 5.60549e-21
 iter 57
 roots (0.0723707,0) (-0.299656,0) (-0.731999,0) (-0.205936,0.5) (-0.205936,-0.5)
 dirty (4.26773e-11,0) (-2,0) (-3,0) (-4,6.58042e-10) (-3,-6.58042e-10)

 base=(3 1)  2I=(+2 -4 -6 -2) 
 guess-2J=(+2 -4 -6 +10 )
 conv 7.42802e-21
 iter 56
 roots (0.249565,0) (-0.298146,0) (-0.73152,0) (-0.269268,0.500001) (-0.269268,-0.500001)
 dirty (1,0) (-2,0) (-3,0) (-4,4.7953e-10) (-3,-4.7953e-10)

 base=(3 1)  2I=(-2 -4 -6 -2) 
 guess-2J=(-2 -4 -6 +10 )
 conv 5.60957e-21
 iter 56
 roots (-0.0969956,0) (-0.303351,0) (-0.732984,0) (-0.124127,0.5) (-0.124127,-0.5)
 dirty (-1,0) (-2,0) (-3,0) (-4,-3.7324e-08) (-3,3.7324e-08)

 base=(3 1)  2I=(+4 -4 -6 -2) 
 guess-2J=(+4 -4 -6 +10 )
 conv 6.4394e-21
 iter 57
 roots (0.495339,0) (-0.299125,0) (-0.733281,0) (-0.327406,0.500011) (-0.327406,-0.500011)
 dirty (2,0) (-2,0) (-3,0) (-4,3.43369e-10) (-3,-3.43369e-10)

 base=(3 1)  2I=(+0 +6 -6 -2) 
 guess-2J=(+0 +6 -6 +10 )
 conv 6.9812e-21
 iter 78
 roots (0.0474853,0) (1.00034,0) (-0.725336,0) (-0.539859,0.501034) (-0.539859,-0.501034)
 dirty (1.55591e-11,0) (3,0) (-3,0) (-4,1.57295e-10) (-3,-1.57295e-10)

 base=(3 1)  2I=(+2 +6 -6 -2) 
 guess-2J=(+2 +6 -6 +10 )
 conv 9.02253e-21
 iter 80
 roots (0.20751,0) (0.979744,0) (-0.724488,0) (-0.577082,0.50168) (-0.577082,-0.50168)
 dirty (1,0) (3,0) (-3,0) (-4,1.58512e-10) (-3,-1.58512e-10)

 base=(3 1)  2I=(-2 +6 -6 -2) 
 guess-2J=(-2 +6 -6 +10 )
 conv 6.58955e-21
 iter 74
 roots (-0.106649,0) (1.01447,0) (-0.728805,0) (-0.490527,0.500479) (-0.490527,-0.500479)
 dirty (-1,0) (3,0) (-3,0) (-4,1.82467e-10) (-3,-1.82467e-10)

 base=(3 1)  2I=(+4 +6 -6 -2) 
 guess-2J=(+4 +6 -6 +10 )
 conv 9.79242e-21
 iter 82
 roots (0.419488,0) (0.943745,0) (-0.72504,0) (-0.612799,0.502527) (-0.612799,-0.502527)
 dirty (2,0) (3,0) (-3,0) (-4,1.48216e-10) (-3,-1.48216e-10)

 base=(3 1)  2I=(-4 +6 -6 -2) 
 guess-2J=(-4 +6 -6 +10 )
 conv 7.50586e-21
 iter 64
 roots (-0.303051,0) (1.02365,0) (-0.737849,0) (-0.401209,0.500073) (-0.401209,-0.500073)
 dirty (-2,0) (3,0) (-3,0) (-4,2.79997e-10) (-3,-2.79997e-10)
105 states scanned
0 not converged: 

 base=(1 2)  2I=(+0 +1 -1) 
 guess-2J=(+0 +12 +12 )
 conv -nan
 iter 26
 not converged

 base=(1 2)  2I=(+2 +1 -1) 
 guess-2J=(+2 +12 +12 )
 conv 5.64629e-21
 iter 39
 roots (0.173984,0) (0.285027,0.499998) (0.285027,-0.499998) (-0.3659,0.499981) (-0.3659,-0.499981)
 dirty (1,0) (3,-3.62723e-10) (3,3.62723e-10) (-3,-1.55234e-10) (-3,1.55234e-10)

 base=(1 2)  2I=(-2 +1 -1) 
 guess-2J=(-2 +12 +12 )
 conv 5.64629e-21
 iter 39
 roots (-0.173984,0) (0.3659,0.499981) (0.3659,-0.499981) (-0.285027,0.499998) (-0.285027,-0.499998)
 dirty (-1,0) (3,-1.55233e-10) (3,1.55233e-10) (-3,-3.62725e-10) (-3,3.62725e-10)

 base=(1 2)  2I=(+4 +1 -1) 
 guess-2J=(+4 +12 +12 )
 conv 3.19851e-21
 iter 38
 roots (0.417205,0) (0.199109,0.5) (0.199109,-0.5) (-0.386003,0.49997) (-0.386003,-0.49997)
 dirty (2,0) (3,-4.36132e-10) (3,4.36132e-10) (-3,-9.53185e-11) (-3,9.53185e-11)

 base=(1 2)  2I=(-4 +1 -1) 
 guess-2J=(-4 +12 +12 )
 conv 3.19851e-21
 iter 38
 roots (-0.417205,0) (0.386003,0.49997) (0.386003,-0.49997) (-0.199109,0.5) (-0.199109,-0.5)
 dirty (-2,0) (3,-9.53176e-11) (3,9.53176e-11) (-3,-4.36133e-10) (-3,4.36133e-10)

 base=(1 2)  2I=(+6 +1 -1) 
 guess-2J=(+6 +12 +12 )
 conv 3.26248e-21
 iter 31
 roots (0.921676,0) (0.106249,0.5) (0.106249,-0.5) (-0.416101,0.499942) (-0.416101,-0.499942)
 dirty (3,0) (3,1.87987e-07) (3,-1.87987e-07) (-3,-1.07447e-10) (-3,1.07447e-10)

 base=(1 2)  2I=(-6 +1 -1) 
 guess-2J=(-6 +12 +12 )
 conv 3.26248e-21
 iter 31
 roots (-0.921676,0) (0.416101,0.499942) (0.416101,-0.499942) (-0.106249,0.5) (-0.106249,-0.5)
 dirty (-3,0) (3,-1.07446e-10) (3,1.07446e-10) (-3,1.87987e-07) (-3,-1.87987e-07)

 base=(1 2)  2I=(+0 +1 +3) 
 guess-2J=(+0 +14 +14 )
 conv 5.2877e-21
 iter 45
 roots (-0.0744726,0) (0.0119924,0.5) (0.0119924,-0.5) (0.759805,0.511599) (0.759805,-0.511599)
 dirty (4.83849e-11,0) (-nan,-inf) (-nan,inf) (3,4.07682e-11) (4,-4.07682e-11)

 base=(1 2)  2I=(+2 +1 +3) 
 guess-2J=(+2 +14 +14 )
 conv 5.65906e-21
 iter 44
 roots (0.0907336,0) (-0.0399467,0.5) (-0.0399467,-0.5) (0.739502,0.510329) (0.739502,-0.510329)
 dirty (1,0) (-3,-0.0252475) (-2,0.0252475) (3,4.76252e-11) (4,-4.76252e-11)

 base=(1 2)  2I=(-2 +1 +3) 
 guess-2J=(-2 +14 +14 )
 conv 3.6436e-21
 iter 42
 roots (-0.253928,0) (0.0621952,0.5) (0.0621952,-0.5) (0.775113,0.512619) (0.775113,-0.512619)
 dirty (-1,0) (3,-6.47832e-06) (4,6.47832e-06) (3,3.409e-11) (4,-3.40899e-11)

 base=(1 2)  2I=(+4 +1 +3) 
 guess-2J=(+4 +14 +14 )
 conv 3.20411e-21
 iter 44
 roots (0.283872,0) (-0.0842574,0.5) (-0.0842574,-0.5) (0.695068,0.507696) (0.695068,-0.507696)
 dirty (2,0) (-3,4.46296e-06) (-2,-4.46296e-06) (3,5.767e-11) (4,-5.767e-11)

 base=(1 2)  2I=(-4 +1 +3) 
 guess-2J=(-4 +14 +14 )
 conv 6.07329e-21
 iter 38
 roots (-0.50456,0) (0.108193,0.5) (0.108193,-0.5) (0.794408,0.513976) (0.794408,-0.513976)
 dirty (-2,0) (3,2.81601e-07) (4,-2.81601e-07) (3,4.35212e-11) (4,-4.35212e-11)

 base=(1 2)  2I=(+6 +1 +3) 
 guess-2J=(+6 +14 +14 )
 conv 7.49803e-21
 iter 66
 roots (0.710738,0) (-0.113394,0.5) (-0.113394,-0.5) (0.49946,0.500602) (0.49946,-0.500602)
 dirty (3,0) (-3,-1.62551e-07) (-2,1.62551e-07) (3,1.79559e-10) (4,-1.7956e-10)

 base=(1 2)  2I=(-6 +1 +3) 
 guess-2J=(-6 +14 +14 )
 conv 4.55388e-21
 iter 35
 roots (-1.04292,0) (0.159647,0.5) (0.159647,-0.5) (0.828107,0.516627) (0.828107,-0.516627)
 dirty (-3,0) (3,-2.48651e-09) (4,2.48651e-09) (3,3.25112e-11) (4,-3.25112e-11)

 base=(1 2)  2I=(+0 -1 +3) 
 guess-2J=(+0 +12 +14 )
 conv 3.33055e-21
 iter 34
 roots (-0.0275182,0) (-0.438115,0.499924) (-0.438115,-0.499924) (0.872131,0.518829) (0.872131,-0.518829)
 dirty (3.14657e-11,0) (-3,1.74233e-10) (-3,-1.74233e-10) (3,1.78872e-11) (4,-1.78872e-11)

 base=(1 2)  2I=(+2 -1 +3) 
 guess-2J=(+2 +12 +14 )
 conv 6.85641e-21
 iter 32
 roots (0.126236,0) (-0.467954,0.499874) (-0.467954,-0.499874) (0.845537,0.517081) (0.845537,-0.517081)
 dirty (1,0) (-3,2.18586e-10) (-3,-2.18586e-10) (3,3.27983e-11) (4,-3.27983e-11)

 base=(1 2)  2I=(-2 -1 +3) 
 guess-2J=(-2 +12 +14 )
 conv 9.98711e-21
 iter 37
 roots (-0.192075,0) (-0.392012,0.499971) (-0.392012,-0.499971) (0.890724,0.52002) (0.890724,-0.52002)
 dirty (-1,0) (-3,3.54248e-10) (-3,-3.54248e-10) (3,2.53726e-11) (4,-2.53726e-11)

 base=(1 2)  2I=(+4 -1 +3) 
 guess-2J=(+4 +12 +14 )
 conv 1.2172e-21
 iter 35
 roots (0.31188,0) (-0.491638,0.49982) (-0.491638,-0.49982) (0.798296,0.513825) (0.798296,-0.513825)
 dirty (2,0) (-3,6.92662e-11) (-3,-6.92662e-11) (3,2.30816e-11) (4,-2.30816e-11)

 base=(1 2)  2I=(-4 -1 +3) 
 guess-2J=(-4 +12 +14 )
 conv 5.42212e-21
 iter 42
 roots (-0.433288,0) (-0.304792,0.499998) (-0.304792,-0.499998) (0.904424,0.520903) (0.904424,-0.520903)
 dirty (-2,0) (-3,3.47643e-10) (-3,-3.47643e-10) (3,1.39736e-11) (4,-1.39736e-11)

 base=(1 2)  2I=(+6 -1 +3) 
 guess-2J=(+6 +12 +14 )
 conv 8.28669e-21
 iter 80
 roots (0.724833,0) (-0.508039,0.499777) (-0.508039,-0.499777) (0.609205,0.502343) (0.609205,-0.502343)
 dirty (3,0) (-3,1.72211e-11) (-3,-1.72211e-11) (3,1.3864e-10) (4,-1.3864e-10)

 base=(1 2)  2I=(-6 -1 +3) 
 guess-2J=(-6 +12 +14 )
 conv 7.36525e-21
 iter 32
 roots (-0.964407,0) (-0.195772,0.5) (-0.195772,-0.5) (0.929451,0.522935) (0.929451,-0.522935)
 dirty (-3,0) (-3,5.23163e-10) (-3,-5.23163e-10) (3,8.91997e-12) (4,-8.9199e-12)

 base=(1 2)  2I=(+0 +1 -3) 
 guess-2J=(+0 +12 +10 )
 conv 3.33055e-21
 iter 34
 roots (0.0275182,0) (0.438115,0.499924) (0.438115,-0.499924) (-0.872131,0.518829) (-0.872131,-0.518829)
 dirty (-3.14656e-11,0) (3,1.74234e-10) (3,-1.74234e-10) (-4,1.78872e-11) (-3,-1.78871e-11)

 base=(1 2)  2I=(+2 +1 -3) 
 guess-2J=(+2 +12 +10 )
 conv 9.98711e-21
 iter 37
 roots (0.192075,0) (0.392012,0.499971) (0.392012,-0.499971) (-0.890724,0.52002) (-0.890724,-0.52002)
 dirty (1,0) (3,3.54249e-10) (3,-3.54249e-10) (-4,2.53726e-11) (-3,-2.53726e-11)

 base=(1 2)  2I=(-2 +1 -3) 
 guess-2J=(-2 +12 +10 )
 conv 6.8564e-21
 iter 32
 roots (-0.126236,0) (0.467954,0.499874) (0.467954,-0.499874) (-0.845537,0.517081) (-0.845537,-0.517081)
 dirty (-1,0) (3,2.18587e-10) (3,-2.18587e-10) (-4,3.27983e-11) (-3,-3.27983e-11)

 base=(1 2)  2I=(+4 +1 -3) 
 guess-2J=(+4 +12 +10 )
 conv 5.42212e-21
 iter 42
 roots (0.433288,0) (0.304792,0.499998) (0.304792,-0.499998) (-0.904424,0.520903) (-0.904424,-0.520903)
 dirty (2,0) (3,3.47644e-10) (3,-3.47644e-10) (-4,1.39733e-11) (-3,-1.39733e-11)

 base=(1 2)  2I=(-4 +1 -3) 
 guess-2J=(-4 +12 +10 )
 conv 1.2172e-21
 iter 35
 roots (-0.31188,0) (0.491638,0.49982) (0.491638,-0.49982) (-0.798296,0.513825) (-0.798296,-0.513825)
 dirty (-2,0) (3,6.92667e-11) (3,-6.92667e-11) (-4,2.30812e-11) (-3,-2.30812e-11)

 base=(1 2)  2I=(+6 +1 -3) 
 guess-2J=(+6 +12 +10 )
 conv 7.36525e-21
 iter 32
 roots (0.964407,0) (0.195772,0.5) (0.195772,-0.5) (-0.929451,0.522935) (-0.929451,-0.522935)
 dirty (3,0) (3,5.23165e-10) (3,-5.23165e-10) (-4,8.91997e-12) (-3,-8.9199e-12)

 base=(1 2)  2I=(-6 +1 -3) 
 guess-2J=(-6 +12 +10 )
 conv 8.2867e-21
 iter 80
 roots (-0.724833,0) (0.508039,0.499777) (0.508039,-0.499777) (-0.609205,0.502343) (-0.609205,-0.502343)
 dirty (-3,0) (3,1.72217e-11) (3,-1.72217e-11) (-4,1.38641e-10) (-3,-1.38641e-10)

 base=(1 2)  2I=(+0 -1 -3) 
 guess-2J=(+0 +10 +10 )
 conv 5.2877e-21
 iter 45
 roots (0.0744726,0) (-0.0119924,0.5) (-0.0119924,-0.5) (-0.759805,0.511599) (-0.759805,-0.511599)
 dirty (-4.83849e-11,0) (-nan,-inf) (-nan,inf) (-4,4.07682e-11) (-3,-4.07682e-11)

 base=(1 2)  2I=(+2 -1 -3) 
 guess-2J=(+2 +10 +10 )
 conv 3.6436e-21
 iter 42
 roots (0.253928,0) (-0.0621952,0.5) (-0.0621952,-0.5) (-0.775113,0.512619) (-0.775113,-0.512619)
 dirty (1,0) (-4,-6.47832e-06) (-3,6.47832e-06) (-4,3.409e-11) (-3,-3.40899e-11)

 base=(1 2)  2I=(-2 -1 -3) 
 guess-2J=(-2 +10 +10 )
 conv 5.65906e-21
 iter 44
 roots (-0.0907336,0) (0.0399467,0.5) (0.0399467,-0.5) (-0.739502,0.510329) (-0.739502,-0.510329)
 dirty (-1,0) (2,-0.0252475) (3,0.0252475) (-4,4.76252e-11) (-3,-4.76252e-11)

 base=(1 2)  2I=(+4 -1 -3) 
 guess-2J=(+4 +10 +10 )
 conv 6.07329e-21
 iter 38
 roots (0.50456,0) (-0.108193,0.5) (-0.108193,-0.5) (-0.794408,0.513976) (-0.794408,-0.513976)
 dirty (2,0) (-4,2.81601e-07) (-3,-2.81601e-07) (-4,4.35212e-11) (-3,-4.35212e-11)

 base=(1 2)  2I=(-4 -1 -3) 
 guess-2J=(-4 +10 +10 )
 conv 3.20411e-21
 iter 44
 roots (-0.283872,0) (0.0842574,0.5) (0.0842574,-0.5) (-0.695068,0.507696) (-0.695068,-0.507696)
 dirty (-2,0) (2,4.46296e-06) (3,-4.46296e-06) (-4,5.767e-11) (-3,-5.767e-11)

 base=(1 2)  2I=(+6 -1 -3) 
 guess-2J=(+6 +10 +10 )
 conv 4.55388e-21
 iter 35
 roots (1.04292,0) (-0.159647,0.5) (-0.159647,-0.5) (-0.828107,0.516627) (-0.828107,-0.516627)
 dirty (3,0) (-4,-2.48651e-09) (-3,2.48651e-09) (-4,3.25112e-11) (-3,-3.25112e-11)

 base=(1 2)  2I=(-6 -1 -3) 
 guess-2J=(-6 +10 +10 )
 conv 7.49803e-21
 iter 66
 roots (-0.710738,0) (0.113394,0.5) (0.113394,-0.5) (-0.49946,0.500602) (-0.49946,-0.500602)
 dirty (-3,0) (2,-1.62551e-07) (3,1.62551e-07) (-4,1.79559e-10) (-3,-1.7956e-10)

 base=(1 2)  2I=(+0 +3 -3) 
 guess-2J=(+0 +14 +10 )
 conv -nan
 iter 22
 not converged

 base=(1 2)  2I=(+2 +3 -3) 
 guess-2J=(+2 +14 +10 )
 conv 2.46941e-21
 iter 33
 roots (0.147938,0) (0.931236,0.524196) (0.931236,-0.524196) (-0.979898,0.52749) (-0.979898,-0.52749)
 dirty (1,0) (3,-2.86261e-11) (4,2.86261e-11) (-4,3.52091e-11) (-3,-3.5209e-11)

 base=(1 2)  2I=(-2 +3 -3) 
 guess-2J=(-2 +14 +10 )
 conv 2.46941e-21
 iter 33
 roots (-0.147938,0) (0.979898,0.52749) (0.979898,-0.52749) (-0.931236,0.524196) (-0.931236,-0.524196)
 dirty (-1,0) (3,3.52091e-11) (4,-3.52091e-11) (-4,-2.86261e-11) (-3,2.86261e-11)

 base=(1 2)  2I=(+4 +3 -3) 
 guess-2J=(+4 +14 +10 )
 conv 1.27011e-21
 iter 34
 roots (0.33134,0) (0.885215,0.520829) (0.885215,-0.520829) (-0.999056,0.528764) (-0.999056,-0.528764)
 dirty (2,0) (3,-2.25382e-11) (4,2.25382e-11) (-4,2.63489e-11) (-3,-2.63489e-11)

 base=(1 2)  2I=(-4 +3 -3) 
 guess-2J=(-4 +14 +10 )
 conv 1.27011e-21
 iter 34
 roots (-0.33134,0) (0.999056,0.528764) (0.999056,-0.528764) (-0.885215,0.520829) (-0.885215,-0.520829)
 dirty (-2,0) (3,2.63489e-11) (4,-2.63489e-11) (-4,-2.25382e-11) (-3,2.25382e-11)

 base=(1 2)  2I=(+6 +3 -3) 
 guess-2J=(+6 +14 +10 )
 conv 9.41352e-21
 iter 97
 roots (0.729231,0) (0.708918,0.506252) (0.708918,-0.506252) (-1.01393,0.52964) (-1.01393,-0.52964)
 dirty (3,0) (3,1.09979e-10) (4,-1.09979e-10) (-4,3.40517e-12) (-3,-3.40517e-12)

 base=(1 2)  2I=(-6 +3 -3) 
 guess-2J=(-6 +14 +10 )
 conv 9.41352e-21
 iter 97
 roots (-0.729231,0) (1.01393,0.52964) (1.01393,-0.52964) (-0.708918,0.506252) (-0.708918,-0.506252)
 dirty (-3,0) (3,3.40517e-12) (4,-3.40517e-12) (-4,1.09978e-10) (-3,-1.09978e-10)
42 states scanned
2 not converged: (0 1 -1) (0 3 -3) 

 base=(2 0 1)  2I=(+1 -1  +0) 
 guess-2J=(+0 +0 +24 )
 conv 7.34171e-22
 iter 30
 roots (0.0818672,0) (-0.0818672,0) (0,1.00755) (0,0) (-0,-1.00755)
 dirty (-6.55048e-11,0) (6.55048e-11,0) (5,-2.89398e-10) (0,0) (-5,2.89398e-10)

 base=(2 0 1)  2I=(+1 +3  +0) 
 guess-2J=(+0 +2 +26 )
 conv 2.65566e-21
 iter 37
 roots (0.0684091,0) (0.23934,0) (-0.0851953,1.00001) (-0.0862675,0) (-0.0851953,-1.00001)
 dirty (3.10614e-11,0) (1,0) (-6,-5.66838e-11) (2.08255e-10,0) (-5,5.66838e-11)

 base=(2 0 1)  2I=(-1 +3  +0) 
 guess-2J=(+0 +2 +24 )
 conv 7.56201e-21
 iter 36
 roots (-0.085346,0) (0.244873,0) (-0.0449506,1.00306) (-0.0419831,0) (-0.0449506,-1.00306)
 dirty (-5.14595e-11,0) (1,0) (-6,3.06098e-10) (-1,0) (-5,-3.06098e-10)

 base=(2 0 1)  2I=(+1 -3  +0) 
 guess-2J=(+0 -2 +24 )
 conv 7.562e-21
 iter 36
 roots (0.085346,0) (-0.244873,0) (0.0449506,1.00306) (0.0419831,0) (0.0449506,-1.00306)
 dirty (5.14595e-11,0) (-1,0) (5,3.06098e-10) (1,0) (6,-3.06098e-10)

 base=(2 0 1)  2I=(-1 -3  +0) 
 guess-2J=(+0 -2 +22 )
 conv 2.65566e-21
 iter 37
 roots (-0.0684091,0) (-0.23934,0) (0.0851953,1.00001) (0.0862675,0) (0.0851953,-1.00001)
 dirty (-3.10614e-11,0) (-1,0) (5,-5.66838e-11) (-2.08255e-10,0) (6,5.66838e-11)

 base=(2 0 1)  2I=(+3 -3  +0) 
 guess-2J=(+2 -2 +24 )
 conv 9.32166e-21
 iter 23
 roots (0.249046,0) (-0.249046,0) (0,1.00075) (0,0) (-0,-1.00075)
 dirty (1,0) (-1,0) (5,-1.1945e-08) (0,0) (-5,1.1945e-08)

 base=(2 0 1)  2I=(+1 +5  +0) 
 guess-2J=(+0 +4 +26 )
 conv 3.01162e-21
 iter 32
 roots (0.0624612,0) (0.473551,0) (-0.145003,1.0005) (-0.145281,0) (-0.145003,-1.0005)
 dirty (2.61048e-11,0) (2,0) (-6,-1.38032e-11) (2.01237e-10,0) (-5,1.38033e-11)

 base=(2 0 1)  2I=(-1 +5  +0) 
 guess-2J=(+0 +4 +24 )
 conv 3.91632e-21
 iter 37
 roots (-0.0824194,0) (0.480698,0) (-0.10584,1.00198) (-0.109818,0) (-0.10584,-1.00198)
 dirty (-1,0) (2,0) (-6,-5.38683e-10) (8.02159e-11,0) (-5,5.38683e-10)

 base=(2 0 1)  2I=(+3 +5  +0) 
 guess-2J=(+2 +4 +26 )
 conv 8.62315e-21
 iter 26
 roots (0.224853,0) (0.464333,0) (-0.186574,1.00036) (-0.186511,0) (-0.186574,-1.00036)
 dirty (1,0) (2,0) (-5,-3.27216e-11) (-2,0) (-4,3.27215e-11)

 base=(2 0 1)  2I=(-3 +5  +0) 
 guess-2J=(-2 +4 +24 )
 conv 8.44499e-21
 iter 32
 roots (-0.253831,0) (0.486436,0) (-0.0614117,1.0002) (-0.0609699,0) (-0.0614117,-1.0002)
 dirty (-1,0) (2,0) (-6,-8.88549e-11) (-1,0) (-5,8.88548e-11)

 base=(2 0 1)  2I=(+1 -5  +0) 
 guess-2J=(+0 -4 +24 )
 conv 3.91632e-21
 iter 37
 roots (0.0824194,0) (-0.480698,0) (0.10584,1.00198) (0.109818,0) (0.10584,-1.00198)
 dirty (1,0) (-2,0) (5,-5.38683e-10) (-8.02157e-11,0) (6,5.38683e-10)

 base=(2 0 1)  2I=(-1 -5  +0) 
 guess-2J=(+0 -4 +22 )
 conv 3.01162e-21
 iter 32
 roots (-0.0624612,0) (-0.473551,0) (0.145003,1.0005) (0.145281,0) (0.145003,-1.0005)
 dirty (-2.61048e-11,0) (-2,0) (5,-1.38032e-11) (-2.01237e-10,0) (6,1.38033e-11)

 base=(2 0 1)  2I=(+3 -5  +0) 
 guess-2J=(+2 -4 +24 )
 conv 8.44499e-21
 iter 32
 roots (0.253831,0) (-0.486436,0) (0.0614117,1.0002) (0.0609699,0) (0.0614117,-1.0002)
 dirty (1,0) (-2,0) (5,-8.88549e-11) (1,0) (6,8.88548e-11)

 base=(2 0 1)  2I=(-3 -5  +0) 
 guess-2J=(-2 -4 +22 )
 conv 8.62315e-21
 iter 26
 roots (-0.224853,0) (-0.464333,0) (0.186574,1.00036) (0.186511,0) (0.186574,-1.00036)
 dirty (-1,0) (-2,0) (4,-3.27216e-11) (2,0) (5,3.27215e-11)

 base=(2 0 1)  2I=(+5 -5  +0) 
 guess-2J=(+4 -4 +24 )
 conv 1.79696e-21
 iter 22
 roots (0.492215,0) (-0.492215,0) (0,1.0002) (0,0) (-0,-1.0002)
 dirty (2,0) (-2,0) (5,-2.0292e-08) (0,0) (-5,2.0292e-08)

 base=(2 0 1)  2I=(+1 +7  +0) 
 guess-2J=(+0 +6 +26 )
 conv 2.62985e-21
 iter 31
 roots (0.0520542,0) (0.975005,0) (-0.232662,1.00026) (-0.232313,0) (-0.232662,-1.00026)
 dirty (-1.29299e-11,0) (3,0) (-5,-1.70629e-11) (-2,0) (-4,1.70628e-11)

 base=(2 0 1)  2I=(-1 +7  +0) 
 guess-2J=(+0 +6 +24 )
 conv 4.27118e-21
 iter 32
 roots (-0.0941416,0) (0.987459,0) (-0.197133,1.00087) (-0.19678,0) (-0.197133,-1.00087)
 dirty (-1,0) (3,0) (-5,3.88284e-11) (-2,0) (-4,-3.88285e-11)

 base=(2 0 1)  2I=(+3 +7  +0) 
 guess-2J=(+2 +6 +26 )
 conv 5.29963e-21
 iter 30
 roots (0.208874,0) (0.957359,0) (-0.267857,1.00005) (-0.26751,0) (-0.267857,-1.00005)
 dirty (1,0) (3,0) (-5,-4.06159e-11) (-2,0) (-4,4.06158e-11)

 base=(2 0 1)  2I=(-3 +7  +0) 
 guess-2J=(-2 +6 +24 )
 conv 3.53952e-21
 iter 34
 roots (-0.260487,0) (0.99729,0) (-0.154851,0.999339) (-0.154652,0) (-0.154851,-0.999339)
 dirty (-1,0) (3,0) (-6,-1.19858e-10) (-1,0) (-5,1.19858e-10)

 base=(2 0 1)  2I=(+5 +7  +0) 
 guess-2J=(+4 +6 +26 )
 conv 1.77391e-21
 iter 30
 roots (0.41827,0) (0.925668,0) (-0.307074,0.999877) (-0.306761,0) (-0.307074,-0.999877)
 dirty (2,0) (3,0) (-5,-2.55464e-11) (-2,0) (-4,2.55465e-11)

 base=(2 0 1)  2I=(-5 +7  +0) 
 guess-2J=(-4 +6 +24 )
 conv 2.14264e-21
 iter 31
 roots (-0.499942,0) (1.00651,0) (-0.0944432,0.999969) (-0.0943046,0) (-0.0944432,-0.999969)
 dirty (-2,0) (3,0) (-6,-3.06388e-11) (-1,0) (-5,3.06388e-11)

 base=(2 0 1)  2I=(+1 -7  +0) 
 guess-2J=(+0 -6 +24 )
 conv 4.27119e-21
 iter 32
 roots (0.0941416,0) (-0.987459,0) (0.197133,1.00087) (0.19678,0) (0.197133,-1.00087)
 dirty (1,0) (-3,0) (4,3.88284e-11) (2,0) (5,-3.88285e-11)

 base=(2 0 1)  2I=(-1 -7  +0) 
 guess-2J=(+0 -6 +22 )
 conv 2.62985e-21
 iter 31
 roots (-0.0520542,0) (-0.975005,0) (0.232662,1.00026) (0.232313,0) (0.232662,-1.00026)
 dirty (1.29299e-11,0) (-3,0) (4,-1.70629e-11) (2,0) (5,1.70628e-11)

 base=(2 0 1)  2I=(+3 -7  +0) 
 guess-2J=(+2 -6 +24 )
 conv 3.53952e-21
 iter 34
 roots (0.260487,0) (-0.99729,0) (0.154851,0.999339) (0.154652,0) (0.154851,-0.999339)
 dirty (1,0) (-3,0) (5,-1.19858e-10) (1,0) (6,1.19858e-10)

 base=(2 0 1)  2I=(-3 -7  +0) 
 guess-2J=(-2 -6 +22 )
 conv 5.29963e-21
 iter 30
 roots (-0.208874,0) (-0.957359,0) (0.267857,1.00005) (0.26751,0) (0.267857,-1.00005)
 dirty (-1,0) (-3,0) (4,-4.06159e-11) (2,0) (5,4.06158e-11)

 base=(2 0 1)  2I=(+5 -7  +0) 
 guess-2J=(+4 -6 +24 )
 conv 2.14264e-21
 iter 31
 roots (0.499942,0) (-1.00651,0) (0.0944432,0.999969) (0.0943046,0) (0.0944432,-0.999969)
 dirty (2,0) (-3,0) (5,-3.06388e-11) (1,0) (6,3.06388e-11)

 base=(2 0 1)  2I=(-5 -7  +0) 
 guess-2J=(-4 -6 +22 )
 conv 1.77391e-21
 iter 30
 roots (-0.41827,0) (-0.925668,0) (0.307074,0.999877) (0.306761,0) (0.307074,-0.999877)
 dirty (-2,0) (-3,0) (4,-2.55464e-11) (2,0) (5,2.55465e-11)

 base=(2 0 1)  2I=(+7 -7  +0) 
 guess-2J=(+6 -6 +24 )
 conv 1.70537e-21
 iter 20
 roots (1.0192,0) (-1.0192,0) (0,1.00005) (0,0) (-0,-1.00005)
 dirty (3,0) (-3,0) (5,-7.71869e-08) (0,0) (-5,7.71869e-08)

 base=(2 0 1)  2I=(+1 -1  +2) 
 guess-2J=(+2 +0 +24 )
 conv 1.72625e-21
 iter 33
 roots (0.0356744,0) (-0.117177,0) (0.676731,0.986402) (0.686242,0) (0.676731,-0.986402)
 dirty (1,0) (1.22502e-11,0) (4,-2.78047e-11) (3,0) (5,2.78047e-11)

 base=(2 0 1)  2I=(+1 +3  +2) 
 guess-2J=(+2 +4 +24 )
 conv 8.22913e-21
 iter 35
 roots (0.0261582,0) (0.187488,0) (0.60537,0.983365) (0.609656,0) (0.60537,-0.983365)
 dirty (1,0) (2,0) (4,-4.87173e-11) (3,0) (5,4.87173e-11)

 base=(2 0 1)  2I=(-1 +3  +2) 
 guess-2J=(+0 +4 +24 )
 conv 1.95626e-21
 iter 34
 roots (-0.122154,0) (0.192287,0) (0.638076,0.98445) (0.645209,0) (0.638076,-0.98445)
 dirty (1.2784e-11,0) (2,0) (4,-2.61519e-11) (3,0) (5,2.61519e-11)

 base=(2 0 1)  2I=(+1 -3  +2) 
 guess-2J=(+2 -2 +24 )
 conv 1.63162e-21
 iter 31
 roots (0.0412236,0) (-0.288076,0) (0.708709,0.987304) (0.720614,0) (0.708709,-0.987304)
 dirty (1,0) (-1,0) (4,-2.69533e-11) (3,0) (5,2.69533e-11)

 base=(2 0 1)  2I=(-1 -3  +2) 
 guess-2J=(+0 -2 +24 )
 conv 1.70563e-21
 iter 30
 roots (-0.105439,0) (-0.281423,0) (0.739243,0.988486) (0.752944,0) (0.739243,-0.988486)
 dirty (1.14496e-11,0) (-1,0) (4,-2.77779e-11) (3,0) (5,2.77778e-11)

 base=(2 0 1)  2I=(+3 -3  +2) 
 guess-2J=(+4 -2 +24 )
 conv 2.05705e-21
 iter 33
 roots (0.197592,0) (-0.294031,0) (0.670844,0.985335) (0.680775,0) (0.670844,-0.985335)
 dirty (2,0) (-1,0) (4,-2.76609e-11) (3,0) (5,2.76609e-11)

 base=(2 0 1)  2I=(+1 +5  +2) 
 guess-2J=(+2 +6 +24 )
 conv 4.91279e-21
 iter 55
 roots (0.0221461,0) (0.412869,0) (0.536461,0.970429) (0.52919,0) (0.536461,-0.970429)
 dirty (1,0) (3,0) (4,-3.66603e-11) (3,0) (5,3.66603e-11)

 base=(2 0 1)  2I=(-1 +5  +2) 
 guess-2J=(+0 +6 +24 )
 conv 5.73311e-21
 iter 42
 roots (-0.126687,0) (0.411926,0) (0.571446,0.974062) (0.57248,0) (0.571446,-0.974062)
 dirty (-1.67333e-11,0) (3,0) (4,-1.50488e-11) (3,0) (5,1.50488e-11)

 base=(2 0 1)  2I=(+3 +5  +2) 
 guess-2J=(+4 +6 +24 )
 conv 9.62827e-21
 iter 396
 roots (0.180317,0) (0.445793,0) (0.495522,0.962225) (0.445793,0) (0.495522,-0.962225)
 dirty (2,0) (3,0) (4,-9.73516e-11) (3,0) (5,9.73516e-11)

 base=(2 0 1)  2I=(-3 +5  +2) 
 guess-2J=(-2 +6 +24 )
 conv 3.56912e-21
 iter 37
 roots (-0.299456,0) (0.414294,0) (0.606085,0.976517) (0.612637,0) (0.606085,-0.976517)
 dirty (-1,0) (3,0) (4,1.80041e-12) (3,0) (5,-1.80048e-12)

 base=(2 0 1)  2I=(+1 -5  +2) 
 guess-2J=(+2 -4 +24 )
 conv 1.31429e-21
 iter 30
 roots (0.0484935,0) (-0.538039,0) (0.747029,0.988455) (0.762005,0) (0.747029,-0.988455)
 dirty (1,0) (-2,0) (4,-2.32236e-11) (3,0) (5,2.32236e-11)

 base=(2 0 1)  2I=(-1 -5  +2) 
 guess-2J=(+0 -4 +24 )
 conv 1.65553e-21
 iter 29
 roots (-0.0966665,0) (-0.528482,0) (0.776206,0.989727) (0.792709,0) (0.776206,-0.989727)
 dirty (9.75034e-12,0) (-2,0) (4,-2.58558e-11) (3,0) (5,2.58558e-11)

 base=(2 0 1)  2I=(+3 -5  +2) 
 guess-2J=(+4 -4 +24 )
 conv 1.61067e-21
 iter 32
 roots (0.204284,0) (-0.546246,0) (0.710335,0.986448) (0.723756,0) (0.710335,-0.986448)
 dirty (2,0) (-2,0) (4,-2.41586e-11) (3,0) (5,2.41586e-11)

 base=(2 0 1)  2I=(-3 -5  +2) 
 guess-2J=(-2 -4 +24 )
 conv 2.54269e-21
 iter 27
 roots (-0.260879,0) (-0.515778,0) (0.804201,0.990885) (0.822377,0) (0.804201,-0.990885)
 dirty (-1,0) (-2,0) (4,-3.18101e-11) (3,0) (5,3.18102e-11)

 base=(2 0 1)  2I=(+5 -5  +2) 
 guess-2J=(+6 -4 +24 )
 conv 2.52954e-21
 iter 30
 roots (0.418695,0) (-0.553608,0) (0.647642,0.978919) (0.659649,0) (0.647642,-0.978919)
 dirty (3,0) (-2,0) (4,-2.67096e-11) (3,0) (5,2.67096e-11)

 base=(2 0 1)  2I=(+1 +7  +2) 
 guess-2J=(+2 +6 +26 )
 conv 6.55858e-21
 iter 36
 roots (0.0146638,0) (0.824406,0) (0.382814,1.00029) (0.385963,0) (0.382814,-1.00029)
 dirty (1,0) (3,0) (5,9.19089e-11) (2,0) (6,-9.1909e-11)

 base=(2 0 1)  2I=(-1 +7  +2) 
 guess-2J=(+0 +6 +26 )
 conv 6.20271e-21
 iter 35
 roots (-0.132855,0) (0.832735,0) (0.418777,1.00138) (0.421741,0) (0.418777,-1.00138)
 dirty (-1.15563e-11,0) (3,0) (5,9.71625e-11) (2,0) (6,-9.71626e-11)

 base=(2 0 1)  2I=(+3 +7  +2) 
 guess-2J=(+4 +6 +26 )
 conv 3.95419e-21
 iter 38
 roots (0.167872,0) (0.813742,0) (0.340126,0.998559) (0.343951,0) (0.340126,-0.998559)
 dirty (2,0) (3,0) (5,4.72523e-11) (2,0) (6,-4.72523e-11)

 base=(2 0 1)  2I=(-3 +7  +2) 
 guess-2J=(-2 +6 +26 )
 conv 9.18221e-21
 iter 32
 roots (-0.305684,0) (0.840737,0) (0.455456,1.00259) (0.458189,0) (0.455456,-1.00259)
 dirty (-1,0) (3,0) (5,1.17447e-10) (2,0) (6,-1.17447e-10)

 base=(2 0 1)  2I=(+5 +7  +2) 
 guess-2J=(+6 +6 +26 )
 conv 2.93663e-21
 iter 40
 roots (0.368901,0) (0.799794,0) (0.279765,1.00407) (0.278134,0) (0.279765,-1.00407)
 dirty (2,0) (3,0) (5,-2.33137e-10) (3,0) (6,2.33137e-10)

 base=(2 0 1)  2I=(-5 +7  +2) 
 guess-2J=(-4 +6 +26 )
 conv 4.79996e-21
 iter 23
 roots (-0.56114,0) (0.850239,0) (0.500007,1.00435) (0.502145,0) (0.500007,-1.00435)
 dirty (-2,0) (3,0) (5,8.22858e-11) (2,0) (6,-8.22858e-11)

 base=(2 0 1)  2I=(+1 -7  +2) 
 guess-2J=(+2 -6 +24 )
 conv 9.23499e-21
 iter 28
 roots (0.0596358,0) (-1.09266,0) (0.807586,0.990847) (0.828018,0) (0.807586,-0.990847)
 dirty (1,0) (-3,0) (4,-4.93698e-11) (3,0) (5,4.93698e-11)

 base=(2 0 1)  2I=(-1 -7  +2) 
 guess-2J=(+0 -6 +24 )
 conv 2.41794e-21
 iter 28
 roots (-0.082639,0) (-1.07655,0) (0.834868,0.992237) (0.856442,0) (0.834868,-0.992237)
 dirty (5.71263e-12,0) (-3,0) (4,-2.40534e-11) (3,0) (5,2.40535e-11)

 base=(2 0 1)  2I=(+3 -7  +2) 
 guess-2J=(+4 -6 +24 )
 conv 6.84589e-21
 iter 30
 roots (0.21422,0) (-1.10612,0) (0.772604,0.988797) (0.792041,0) (0.772604,-0.988797)
 dirty (2,0) (-3,0) (4,-4.20022e-11) (3,0) (5,4.20021e-11)

 base=(2 0 1)  2I=(-3 -7  +2) 
 guess-2J=(-2 -6 +24 )
 conv 7.37929e-21
 iter 27
 roots (-0.240036,0) (-1.05418,0) (0.860363,0.993508) (0.883226,0) (0.860363,-0.993508)
 dirty (-1,0) (-3,0) (4,-3.42599e-11) (3,0) (5,3.42599e-11)

 base=(2 0 1)  2I=(+5 -7  +2) 
 guess-2J=(+6 -6 +24 )
 conv 4.31379e-21
 iter 32
 roots (0.426124,0) (-1.11804,0) (0.712641,0.982693) (0.73254,0) (0.712641,-0.982693)
 dirty (3,0) (-3,0) (4,-2.15715e-11) (3,0) (5,2.15715e-11)

 base=(2 0 1)  2I=(-5 -7  +2) 
 guess-2J=(-4 -6 +24 )
 conv 2.53973e-21
 iter 27
 roots (-0.45606,0) (-1.01501,0) (0.888652,0.994976) (0.91317,0) (0.888652,-0.994976)
 dirty (-2,0) (-3,0) (4,-1.41106e-11) (3,0) (5,1.41106e-11)

 base=(2 0 1)  2I=(+7 -7  +2) 
 guess-2J=(+6 -6 +26 )
 conv 8.72446e-21
 iter 35
 roots (0.865463,0) (-1.12913,0) (0.569511,1.00802) (0.569303,0) (0.569511,-1.00802)
 dirty (3,0) (-3,0) (4,-2.66566e-13) (4,0) (5,2.66601e-13)

 base=(2 0 1)  2I=(+1 -1  -2) 
 guess-2J=(+0 -2 +24 )
 conv 1.72627e-21
 iter 33
 roots (0.117177,0) (-0.0356744,0) (-0.676731,0.986402) (-0.686242,0) (-0.676731,-0.986402)
 dirty (-1.22504e-11,0) (-1,0) (-5,-2.78052e-11) (-3,0) (-4,2.78051e-11)

 base=(2 0 1)  2I=(+1 +3  -2) 
 guess-2J=(+0 +2 +24 )
 conv 1.70561e-21
 iter 30
 roots (0.105439,0) (0.281423,0) (-0.739243,0.988486) (-0.752944,0) (-0.739243,-0.988486)
 dirty (-1.14495e-11,0) (1,0) (-5,-2.77779e-11) (-3,0) (-4,2.77778e-11)

 base=(2 0 1)  2I=(-1 +3  -2) 
 guess-2J=(-2 +2 +24 )
 conv 1.63159e-21
 iter 31
 roots (-0.0412236,0) (0.288076,0) (-0.708709,0.987304) (-0.720614,0) (-0.708709,-0.987304)
 dirty (-1,0) (1,0) (-5,-2.69531e-11) (-3,0) (-4,2.69532e-11)

 base=(2 0 1)  2I=(+1 -3  -2) 
 guess-2J=(+0 -4 +24 )
 conv 1.95625e-21
 iter 34
 roots (0.122154,0) (-0.192287,0) (-0.638076,0.98445) (-0.645209,0) (-0.638076,-0.98445)
 dirty (-1.27841e-11,0) (-2,0) (-5,-2.61513e-11) (-3,0) (-4,2.61514e-11)

 base=(2 0 1)  2I=(-1 -3  -2) 
 guess-2J=(-2 -4 +24 )
 conv 8.22913e-21
 iter 35
 roots (-0.0261582,0) (-0.187488,0) (-0.60537,0.983365) (-0.609656,0) (-0.60537,-0.983365)
 dirty (-1,0) (-2,0) (-5,-4.87167e-11) (-3,0) (-4,4.87168e-11)

 base=(2 0 1)  2I=(+3 -3  -2) 
 guess-2J=(+2 -4 +24 )
 conv 2.05708e-21
 iter 33
 roots (0.294031,0) (-0.197592,0) (-0.670844,0.985335) (-0.680775,0) (-0.670844,-0.985335)
 dirty (1,0) (-2,0) (-5,-2.76618e-11) (-3,0) (-4,2.76618e-11)

 base=(2 0 1)  2I=(+1 +5  -2) 
 guess-2J=(+0 +4 +24 )
 conv 1.65553e-21
 iter 29
 roots (0.0966665,0) (0.528482,0) (-0.776206,0.989727) (-0.792709,0) (-0.776206,-0.989727)
 dirty (-9.75034e-12,0) (2,0) (-5,-2.58548e-11) (-3,0) (-4,2.58548e-11)

 base=(2 0 1)  2I=(-1 +5  -2) 
 guess-2J=(-2 +4 +24 )
 conv 1.31429e-21
 iter 30
 roots (-0.0484935,0) (0.538039,0) (-0.747029,0.988455) (-0.762005,0) (-0.747029,-0.988455)
 dirty (-1,0) (2,0) (-5,-2.32236e-11) (-3,0) (-4,2.32236e-11)

 base=(2 0 1)  2I=(+3 +5  -2) 
 guess-2J=(+2 +4 +24 )
 conv 2.54267e-21
 iter 27
 roots (0.260879,0) (0.515778,0) (-0.804201,0.990885) (-0.822377,0) (-0.804201,-0.990885)
 dirty (1,0) (2,0) (-5,-3.18104e-11) (-3,0) (-4,3.18105e-11)

 base=(2 0 1)  2I=(-3 +5  -2) 
 guess-2J=(-4 +4 +24 )
 conv 1.61065e-21
 iter 32
 roots (-0.204284,0) (0.546246,0) (-0.710335,0.986448) (-0.723756,0) (-0.710335,-0.986448)
 dirty (-2,0) (2,0) (-5,-2.41587e-11) (-3,0) (-4,2.41586e-11)

 base=(2 0 1)  2I=(+1 -5  -2) 
 guess-2J=(+0 -6 +24 )
 conv 5.73314e-21
 iter 42
 roots (0.126687,0) (-0.411926,0) (-0.571446,0.974062) (-0.57248,0) (-0.571446,-0.974062)
 dirty (1.67334e-11,0) (-3,0) (-5,-1.50489e-11) (-3,0) (-4,1.5049e-11)

 base=(2 0 1)  2I=(-1 -5  -2) 
 guess-2J=(-2 -6 +24 )
 conv 4.91281e-21
 iter 55
 roots (-0.0221461,0) (-0.412869,0) (-0.536461,0.970429) (-0.52919,0) (-0.536461,-0.970429)
 dirty (-1,0) (-3,0) (-5,-3.666e-11) (-3,0) (-4,3.66601e-11)

 base=(2 0 1)  2I=(+3 -5  -2) 
 guess-2J=(+2 -6 +24 )
 conv 3.56909e-21
 iter 37
 roots (0.299456,0) (-0.414294,0) (-0.606085,0.976517) (-0.612637,0) (-0.606085,-0.976517)
 dirty (1,0) (-3,0) (-5,1.80026e-12) (-3,0) (-4,-1.80019e-12)

 base=(2 0 1)  2I=(-3 -5  -2) 
 guess-2J=(-4 -6 +24 )
 conv 9.62826e-21
 iter 396
 roots (-0.180317,0) (-0.445793,0) (-0.495522,0.962225) (-0.445793,0) (-0.495522,-0.962225)
 dirty (-2,0) (-3,0) (-5,-9.73513e-11) (-3,0) (-4,9.73513e-11)

 base=(2 0 1)  2I=(+5 -5  -2) 
 guess-2J=(+4 -6 +24 )
 conv 2.52953e-21
 iter 30
 roots (0.553608,0) (-0.418695,0) (-0.647642,0.978919) (-0.659649,0) (-0.647642,-0.978919)
 dirty (2,0) (-3,0) (-5,-2.67105e-11) (-3,0) (-4,2.67104e-11)

 base=(2 0 1)  2I=(+1 +7  -2) 
 guess-2J=(+0 +6 +24 )
 conv 2.41794e-21
 iter 28
 roots (0.082639,0) (1.07655,0) (-0.834868,0.992237) (-0.856442,0) (-0.834868,-0.992237)
 dirty (-5.71263e-12,0) (3,0) (-5,-2.40534e-11) (-3,0) (-4,2.40535e-11)

 base=(2 0 1)  2I=(-1 +7  -2) 
 guess-2J=(-2 +6 +24 )
 conv 9.235e-21
 iter 28
 roots (-0.0596358,0) (1.09266,0) (-0.807586,0.990847) (-0.828018,0) (-0.807586,-0.990847)
 dirty (-1,0) (3,0) (-5,-4.93701e-11) (-3,0) (-4,4.93701e-11)

 base=(2 0 1)  2I=(+3 +7  -2) 
 guess-2J=(+2 +6 +24 )
 conv 7.37919e-21
 iter 27
 roots (0.240036,0) (1.05418,0) (-0.860363,0.993508) (-0.883226,0) (-0.860363,-0.993508)
 dirty (1,0) (3,0) (-5,-3.4259e-11) (-3,0) (-4,3.4259e-11)

 base=(2 0 1)  2I=(-3 +7  -2) 
 guess-2J=(-4 +6 +24 )
 conv 6.84589e-21
 iter 30
 roots (-0.21422,0) (1.10612,0) (-0.772604,0.988797) (-0.792041,0) (-0.772604,-0.988797)
 dirty (-2,0) (3,0) (-5,-4.20022e-11) (-3,0) (-4,4.20021e-11)

 base=(2 0 1)  2I=(+5 +7  -2) 
 guess-2J=(+4 +6 +24 )
 conv 2.53973e-21
 iter 27
 roots (0.45606,0) (1.01501,0) (-0.888652,0.994976) (-0.91317,0) (-0.888652,-0.994976)
 dirty (2,0) (3,0) (-5,-1.41113e-11) (-3,0) (-4,1.41113e-11)

 base=(2 0 1)  2I=(-5 +7  -2) 
 guess-2J=(-6 +6 +24 )
 conv 4.31382e-21
 iter 32
 roots (-0.426124,0) (1.11804,0) (-0.712641,0.982693) (-0.73254,0) (-0.712641,-0.982693)
 dirty (-3,0) (3,0) (-5,-2.15715e-11) (-3,0) (-4,2.15715e-11)

 base=(2 0 1)  2I=(+1 -7  -2) 
 guess-2J=(+0 -6 +22 )
 conv 6.20272e-21
 iter 35
 roots (0.132855,0) (-0.832735,0) (-0.418777,1.00138) (-0.421741,0) (-0.418777,-1.00138)
 dirty (1.15566e-11,0) (-3,0) (-6,9.71625e-11) (-2,0) (-5,-9.71626e-11)

 base=(2 0 1)  2I=(-1 -7  -2) 
 guess-2J=(-2 -6 +22 )
 conv 6.55858e-21
 iter 36
 roots (-0.0146638,0) (-0.824406,0) (-0.382814,1.00029) (-0.385963,0) (-0.382814,-1.00029)
 dirty (-1,0) (-3,0) (-6,9.19089e-11) (-2,0) (-5,-9.1909e-11)

 base=(2 0 1)  2I=(+3 -7  -2) 
 guess-2J=(+2 -6 +22 )
 conv 9.18221e-21
 iter 32
 roots (0.305684,0) (-0.840737,0) (-0.455456,1.00259) (-0.458189,0) (-0.455456,-1.00259)
 dirty (1,0) (-3,0) (-6,1.17447e-10) (-2,0) (-5,-1.17447e-10)

 base=(2 0 1)  2I=(-3 -7  -2) 
 guess-2J=(-4 -6 +22 )
 conv 3.95419e-21
 iter 38
 roots (-0.167872,0) (-0.813742,0) (-0.340126,0.998559) (-0.343951,0) (-0.340126,-0.998559)
 dirty (-2,0) (-3,0) (-6,4.72522e-11) (-2,0) (-5,-4.72522e-11)

 base=(2 0 1)  2I=(+5 -7  -2) 
 guess-2J=(+4 -6 +22 )
 conv 4.79996e-21
 iter 23
 roots (0.56114,0) (-0.850239,0) (-0.500007,1.00435) (-0.502145,0) (-0.500007,-1.00435)
 dirty (2,0) (-3,0) (-6,8.22858e-11) (-2,0) (-5,-8.22858e-11)

 base=(2 0 1)  2I=(-5 -7  -2) 
 guess-2J=(-6 -6 +22 )
 conv 2.93661e-21
 iter 40
 roots (-0.368901,0) (-0.799794,0) (-0.279765,1.00407) (-0.278134,0) (-0.279765,-1.00407)
 dirty (-2,0) (-3,0) (-6,-2.33136e-10) (-3,0) (-5,2.33136e-10)

 base=(2 0 1)  2I=(+7 -7  -2) 
 guess-2J=(+6 -6 +22 )
 conv 8.72446e-21
 iter 35
 roots (1.12913,0) (-0.865463,0) (-0.569511,1.00802) (-0.569303,0) (-0.569511,-1.00802)
 dirty (3,0) (-3,0) (-5,-2.66566e-13) (-4,0) (-4,2.66601e-13)
84 states scanned
0 not converged: (0 1 -1) (0 3 -3) 

 base=(0 1 1)  2I=( +0 +0) 
 guess-2J=(+10 +22 )
 conv 2.90525e-21
 iter 21
 roots (0,0.5) (-0,-0.5) (0,0.999831) (0,0) (-0,-0.999831)
 dirty (3,0) (-3,0) (5,-3.58185e-08) (0,-1.04605e-13) (-5,3.58186e-08)

 base=(0 1 1)  2I=( +2 +0) 
 guess-2J=(+12 +26 )
 conv 7.5008e-21
 iter 37
 roots (0.47994,0.499876) (0.47994,-0.499876) (-0.282024,1) (-0.281769,0) (-0.282024,-1)
 dirty (3,-1.58309e-10) (3,1.58309e-10) (-5,-6.68238e-11) (-2,0) (-4,6.68236e-11)

 base=(0 1 1)  2I=( -2 +0) 
 guess-2J=(+12 +22 )
 conv 7.5008e-21
 iter 37
 roots (-0.47994,0.499876) (-0.47994,-0.499876) (0.282024,1) (0.281769,0) (0.282024,-1)
 dirty (-3,-1.5831e-10) (-3,1.5831e-10) (4,-6.68235e-11) (2,0) (5,6.68236e-11)

 base=(0 1 1)  2I=( +4 +0) 
 guess-2J=(+14 +26 )
 conv 6.84418e-21
 iter 30
 roots (0.994421,0.526284) (0.994421,-0.526284) (-0.419617,0.999546) (-0.419663,0) (-0.419617,-0.999546)
 dirty (3,6.89769e-11) (4,-6.89769e-11) (-5,-4.73164e-11) (-2,0) (-4,4.73165e-11)

 base=(0 1 1)  2I=( -4 +0) 
 guess-2J=(+10 +22 )
 conv 6.84418e-21
 iter 30
 roots (-0.994421,0.526284) (-0.994421,-0.526284) (0.419617,0.999546) (0.419663,0) (0.419617,-0.999546)
 dirty (-4,6.89769e-11) (-3,-6.89769e-11) (4,-4.73164e-11) (2,0) (5,4.73165e-11)

 base=(0 1 1)  2I=( +0 +2) 
 guess-2J=(+14 +24 )
 conv 2.30189e-21
 iter 34
 roots (-0.228179,0.5) (-0.228179,-0.5) (0.787775,0.9906) (0.802788,0) (0.787775,-0.9906)
 dirty (-3,9.65162e-11) (-2,-9.65162e-11) (4,-3.0692e-11) (3,0) (5,3.06919e-11)

 base=(0 1 1)  2I=( +2 +2) 
 guess-2J=(+16 +24 )
 conv 8.70774e-21
 iter 55
 roots (0.12377,0.5) (0.12377,-0.5) (0.642731,0.989893) (0.646794,0) (0.642731,-0.989893)
 dirty (4,-6.01082e-08) (4,6.01082e-08) (4,-7.03119e-11) (3,0) (5,7.0312e-11)

 base=(0 1 1)  2I=( -2 +2) 
 guess-2J=(+12 +24 )
 conv 5.70098e-21
 iter 28
 roots (-0.602414,0.499339) (-0.602414,-0.499339) (0.8861,0.99457) (0.909071,0) (0.8861,-0.99457)
 dirty (-3,-8.22278e-11) (-3,8.22278e-11) (4,-4.11059e-11) (3,0) (5,4.11061e-11)

 base=(0 1 1)  2I=( +4 +2) 
 guess-2J=(+14 +28 )
 conv 3.67109e-21
 iter 48
 roots (0.822772,0.512535) (0.822772,-0.512535) (0.131791,0.999979) (0.131881,0) (0.131791,-0.999979)
 dirty (3,3.92299e-11) (4,-3.92299e-11) (6,-5.98066e-11) (1,0) (7,5.98066e-11)

 base=(0 1 1)  2I=( -4 +2) 
 guess-2J=(+10 +24 )
 conv 2.55674e-21
 iter 30
 roots (-1.10915,0.537421) (-1.10915,-0.537421) (0.978459,1.00061) (1.00921,0) (0.978459,-1.00061)
 dirty (-4,-3.30132e-11) (-3,3.30132e-11) (4,2.90643e-12) (3,0) (5,-2.90646e-12)

 base=(0 1 1)  2I=( +0 -2) 
 guess-2J=(+10 +24 )
 conv 2.3019e-21
 iter 34
 roots (0.228179,0.5) (0.228179,-0.5) (-0.787775,0.9906) (-0.802788,0) (-0.787775,-0.9906)
 dirty (2,9.65157e-11) (3,-9.65157e-11) (-5,-3.06922e-11) (-3,0) (-4,3.06922e-11)

 base=(0 1 1)  2I=( +2 -2) 
 guess-2J=(+12 +24 )
 conv 5.70097e-21
 iter 28
 roots (0.602414,0.499339) (0.602414,-0.499339) (-0.8861,0.99457) (-0.909071,0) (-0.8861,-0.99457)
 dirty (3,-8.22272e-11) (3,8.22272e-11) (-5,-4.11059e-11) (-3,0) (-4,4.11061e-11)

 base=(0 1 1)  2I=( -2 -2) 
 guess-2J=(+8 +24 )
 conv 8.70774e-21
 iter 55
 roots (-0.12377,0.5) (-0.12377,-0.5) (-0.642731,0.989893) (-0.646794,0) (-0.642731,-0.989893)
 dirty (-4,-6.01082e-08) (-4,6.01082e-08) (-5,-7.0311e-11) (-3,0) (-4,7.0311e-11)

 base=(0 1 1)  2I=( +4 -2) 
 guess-2J=(+14 +24 )
 conv 2.55674e-21
 iter 30
 roots (1.10915,0.537421) (1.10915,-0.537421) (-0.978459,1.00061) (-1.00921,0) (-0.978459,-1.00061)
 dirty (3,-3.30135e-11) (4,3.30135e-11) (-5,2.90643e-12) (-3,0) (-4,-2.90646e-12)

 base=(0 1 1)  2I=( -4 -2) 
 guess-2J=(+10 +20 )
 conv 3.67109e-21
 iter 48
 roots (-0.822772,0.512535) (-0.822772,-0.512535) (-0.131791,0.999979) (-0.131881,0) (-0.131791,-0.999979)
 dirty (-4,3.92299e-11) (-3,-3.92299e-11) (-7,-5.98066e-11) (-1,0) (-6,5.98066e-11)
15 states scanned
0 not converged: (0 1 -1) (0 3 -3) 

 base=(1 0 0 1)  2I=(+0   +0) 
 guess-2J=(-2 +34 )
 conv 3.57139e-21
 iter 39
 roots (-0.348791,0) (0.348791,0) (0,1.56132) (0,0.5) (-0,-0.5) (-0,-1.56132)
 dirty (-1,-3.53395e-17) (1,-3.53395e-17) (4.5,-1.30481e-10) (2.5,0) (-2.5,0) (-4.5,1.30481e-10)

 base=(1 0 0 1)  2I=(+2   +0) 
 guess-2J=(+0 +38 )
 conv 2.70948e-21
 iter 22
 roots (0.142688,0) (-0.0293257,1.51471) (-0.0305346,0.5) (-0.0305346,-0.5) (-0.0293257,-1.51471)
 dirty (-1.43282e-11,0) (-7,3.41805e-12) (-nan,-inf) (-nan,inf) (-6,-3.41818e-12)

 base=(1 0 0 1)  2I=(-2   +0) 
 guess-2J=(+0 +34 )
 conv 2.70948e-21
 iter 22
 roots (-0.142688,0) (0.0293257,1.51471) (0.0305346,0.5) (0.0305346,-0.5) (0.0293257,-1.51471)
 dirty (1.43283e-11,0) (6,3.4182e-12) (-nan,-inf) (-nan,inf) (7,-3.41832e-12)

 base=(1 0 0 1)  2I=(+4   +0) 
 guess-2J=(+2 +38 )
 conv 7.626e-21
 iter 23
 roots (0.311852,0) (-0.0642582,1.51267) (-0.0656155,0.5) (-0.0656155,-0.5) (-0.0642582,-1.51267)
 dirty (1,-3.53395e-17) (-7,-6.64356e-12) (-2,-0.00625982) (-2,0.00625982) (-6,6.64354e-12)

 base=(1 0 0 1)  2I=(-4   +0) 
 guess-2J=(-2 +34 )
 conv 7.626e-21
 iter 23
 roots (-0.311852,0) (0.0642582,1.51267) (0.0656155,0.5) (0.0656155,-0.5) (0.0642582,-1.51267)
 dirty (-1,-3.53395e-17) (6,-6.64356e-12) (2,-0.00625982) (2,0.00625982) (7,6.64354e-12)

 base=(1 0 0 1)  2I=(+6   +0) 
 guess-2J=(+4 +38 )
 conv 1.77813e-21
 iter 25
 roots (0.561665,0) (-0.114708,1.51004) (-0.114593,0.5) (-0.114593,-0.5) (-0.114708,-1.51004)
 dirty (2,0) (-5,6.65001e-13) (-4,1.3402e-05) (-4,-1.3402e-05) (-4,-6.64948e-13)

 base=(1 0 0 1)  2I=(-6   +0) 
 guess-2J=(-4 +34 )
 conv 1.77813e-21
 iter 25
 roots (-0.561665,0) (0.114708,1.51004) (0.114593,0.5) (0.114593,-0.5) (0.114708,-1.51004)
 dirty (-2,0) (4,6.65001e-13) (4,1.3402e-05) (4,-1.3402e-05) (5,-6.64948e-13)

 base=(1 0 0 1)  2I=(+8   +0) 
 guess-2J=(+6 +38 )
 conv 1.56634e-21
 iter 28
 roots (1.11048,0) (-0.206333,1.5065) (-0.202979,0.5) (-0.202979,-0.5) (-0.206333,-1.5065)
 dirty (3,-1.76697e-17) (-5,-3.06219e-12) (-4,2.30195e-08) (-4,-2.30195e-08) (-4,3.0621e-12)

 base=(1 0 0 1)  2I=(-8   +0) 
 guess-2J=(-6 +34 )
 conv 1.56633e-21
 iter 28
 roots (-1.11048,0) (0.206333,1.5065) (0.202979,0.5) (0.202979,-0.5) (0.206333,-1.5065)
 dirty (-3,0) (4,-3.06247e-12) (4,2.30196e-08) (4,-2.30196e-08) (5,3.06238e-12)

 base=(1 0 0 1)  2I=(+0   +2) 
 guess-2J=(+2 +36 )
 conv 9.35592e-21
 iter 24
 roots (-0.0290943,0) (0.718312,1.4569) (0.701723,0.500178) (0.701723,-0.500178) (0.718312,-1.4569)
 dirty (1,0) (4,4.28743e-11) (4,1.09607e-10) (5,-1.09607e-10) (5,-4.28743e-11)

 base=(1 0 0 1)  2I=(+2   +2) 
 guess-2J=(+4 +36 )
 conv 6.31647e-21
 iter 24
 roots (0.110604,0) (0.690618,1.4554) (0.67266,0.500148) (0.67266,-0.500148) (0.690618,-1.4554)
 dirty (2,3.53395e-17) (4,2.50605e-11) (4,1.09754e-11) (5,-1.09754e-11) (5,-2.50605e-11)

 base=(1 0 0 1)  2I=(-2   +2) 
 guess-2J=(+0 +36 )
 conv 1.74636e-21
 iter 25
 roots (-0.173007,0) (0.743906,1.45767) (0.729441,0.500211) (0.729441,-0.500211) (0.743906,-1.45767)
 dirty (1.14975e-11,0) (4,-1.913e-11) (4,-4.84085e-11) (5,4.84086e-11) (5,1.913e-11)

 base=(1 0 0 1)  2I=(+4   +2) 
 guess-2J=(+6 +36 )
 conv 1.9697e-21
 iter 26
 roots (0.270971,0) (0.654399,1.45253) (0.637025,0.500116) (0.637025,-0.500116) (0.654399,-1.45253)
 dirty (3,0) (4,-5.44728e-12) (4,-6.84768e-11) (5,6.84768e-11) (5,5.4473e-12)

 base=(1 0 0 1)  2I=(-4   +2) 
 guess-2J=(-2 +36 )
 conv 5.65181e-21
 iter 25
 roots (-0.348982,0) (0.771847,1.45795) (0.760306,0.500256) (0.760306,-0.500256) (0.771847,-1.45795)
 dirty (-1,1.76697e-17) (4,-3.60052e-11) (4,-8.2166e-11) (5,8.21662e-11) (5,3.60052e-11)

 base=(1 0 0 1)  2I=(+6   +2) 
 guess-2J=(+8 +36 )
 conv 6.67851e-21
 iter 29
 roots (0.494627,0) (0.594387,1.45038) (0.586192,0.500066) (0.586192,-0.500066) (0.594387,-1.45038)
 dirty (4,0) (4,-2.44192e-11) (4,-1.66049e-10) (5,1.66049e-10) (5,2.44192e-11)

 base=(1 0 0 1)  2I=(-6   +2) 
 guess-2J=(-4 +36 )
 conv 2.85583e-21
 iter 27
 roots (-0.617288,0) (0.808457,1.45772) (0.801407,0.500334) (0.801407,-0.500334) (0.808457,-1.45772)
 dirty (-2,0) (4,2.68177e-11) (4,5.37324e-11) (5,-5.37323e-11) (5,-2.68177e-11)

 base=(1 0 0 1)  2I=(+8   +2) 
 guess-2J=(+6 +40 )
 conv 4.56328e-21
 iter 35
 roots (0.953438,0) (0.462824,1.47668) (0.463129,0.500002) (0.463129,-0.500002) (0.462824,-1.47668)
 dirty (3,0) (6,-2.83313e-11) (3,-1.64884e-10) (4,1.64884e-10) (7,2.83313e-11)

 base=(1 0 0 1)  2I=(-8   +2) 
 guess-2J=(-6 +36 )
 conv 5.50846e-21
 iter 28
 roots (-1.2264,0) (0.870915,1.45669) (0.872926,0.500541) (0.872926,-0.500541) (0.870915,-1.45669)
 dirty (-3,0) (5,-3.88299e-11) (3,-6.2619e-11) (4,6.26189e-11) (6,3.88299e-11)

 base=(1 0 0 1)  2I=(+0   -2) 
 guess-2J=(-2 +36 )
 conv 9.35593e-21
 iter 24
 roots (0.0290943,0) (-0.718312,1.4569) (-0.701723,0.500178) (-0.701723,-0.500178) (-0.718312,-1.4569)
 dirty (-1,0) (-5,4.28741e-11) (-5,1.09606e-10) (-4,-1.09606e-10) (-4,-4.2874e-11)

 base=(1 0 0 1)  2I=(+2   -2) 
 guess-2J=(+0 +36 )
 conv 1.74633e-21
 iter 25
 roots (0.173007,0) (-0.743906,1.45767) (-0.729441,0.500211) (-0.729441,-0.500211) (-0.743906,-1.45767)
 dirty (-1.14975e-11,1.76697e-17) (-5,-1.91302e-11) (-5,-4.8409e-11) (-4,4.84092e-11) (-4,1.91301e-11)

 base=(1 0 0 1)  2I=(-2   -2) 
 guess-2J=(-4 +36 )
 conv 6.31647e-21
 iter 24
 roots (-0.110604,0) (-0.690618,1.4554) (-0.67266,0.500148) (-0.67266,-0.500148) (-0.690618,-1.4554)
 dirty (-2,3.53395e-17) (-5,2.50601e-11) (-5,1.09751e-11) (-4,-1.09749e-11) (-4,-2.50602e-11)

 base=(1 0 0 1)  2I=(+4   -2) 
 guess-2J=(+2 +36 )
 conv 5.65175e-21
 iter 25
 roots (0.348982,0) (-0.771847,1.45795) (-0.760306,0.500256) (-0.760306,-0.500256) (-0.771847,-1.45795)
 dirty (1,1.76697e-17) (-5,-3.60046e-11) (-5,-8.21668e-11) (-4,8.21669e-11) (-4,3.60047e-11)

 base=(1 0 0 1)  2I=(-4   -2) 
 guess-2J=(-6 +36 )
 conv 1.96972e-21
 iter 26
 roots (-0.270971,0) (-0.654399,1.45253) (-0.637025,0.500116) (-0.637025,-0.500116) (-0.654399,-1.45253)
 dirty (-3,0) (-5,-5.44757e-12) (-5,-6.84773e-11) (-4,6.84774e-11) (-4,5.44758e-12)

 base=(1 0 0 1)  2I=(+6   -2) 
 guess-2J=(+4 +36 )
 conv 2.85582e-21
 iter 27
 roots (0.617288,0) (-0.808457,1.45772) (-0.801407,0.500334) (-0.801407,-0.500334) (-0.808457,-1.45772)
 dirty (2,0) (-5,2.68175e-11) (-5,5.37312e-11) (-4,-5.37313e-11) (-4,-2.68175e-11)

 base=(1 0 0 1)  2I=(-6   -2) 
 guess-2J=(-8 +36 )
 conv 6.67848e-21
 iter 29
 roots (-0.494627,0) (-0.594387,1.45038) (-0.586192,0.500066) (-0.586192,-0.500066) (-0.594387,-1.45038)
 dirty (-4,0) (-5,-2.44192e-11) (-5,-1.6605e-10) (-4,1.6605e-10) (-4,2.44192e-11)

 base=(1 0 0 1)  2I=(+8   -2) 
 guess-2J=(+6 +36 )
 conv 5.50847e-21
 iter 28
 roots (1.2264,0) (-0.870915,1.45669) (-0.872926,0.500541) (-0.872926,-0.500541) (-0.870915,-1.45669)
 dirty (3,0) (-6,-3.88297e-11) (-4,-6.26195e-11) (-3,6.26195e-11) (-5,3.88298e-11)

 base=(1 0 0 1)  2I=(-8   -2) 
 guess-2J=(-6 +32 )
 conv 4.56326e-21
 iter 35
 roots (-0.953438,0) (-0.462824,1.47668) (-0.463129,0.500002) (-0.463129,-0.500002) (-0.462824,-1.47668)
 dirty (-3,0) (-7,-2.83313e-11) (-4,-1.64884e-10) (-3,1.64884e-10) (-6,2.83313e-11)
27 states scanned
0 not converged: (0 1 -1) (0 3 -3) 

 base=(0 0 0 0 1)  2I=(    +0) 
 guess-2J=(+48 )
 conv 6.25164e-21
 iter 34
 roots (0,2.04913) (0,1) (0,0) (-0,-1) (-0,-2.04913)
 dirty (4,-2.02527e-10) (5,1.00833e-10) (0,1.06018e-16) (-5,-1.00832e-10) (-4,2.02527e-10)

 base=(0 0 0 0 1)  2I=(    +2) 
 guess-2J=(+50 )
 conv 2.80317e-21
 iter 23
 roots (0.813115,1.93208) (0.735443,0.999802) (0.735171,0) (0.735443,-0.999802) (0.813115,-1.93208)
 dirty (4,1.31175e-11) (5,5.01984e-11) (5,-1.41358e-16) (6,-5.01986e-11) (5,-1.31175e-11)

 base=(0 0 0 0 1)  2I=(    -2) 
 guess-2J=(+46 )
 conv 2.80313e-21
 iter 23
 roots (-0.813115,1.93208) (-0.735443,0.999802) (-0.735171,0) (-0.735443,-0.999802) (-0.813115,-1.93208)
 dirty (-5,1.3118e-11) (-6,5.01984e-11) (-5,1.06018e-16) (-5,-5.01984e-11) (-4,-1.31181e-11)
3 states scanned
0 not converged: (0 1 -1) (0 3 -3) 
297 states scanned
2 not converged: (0 1 -1) (0 3 -3) 
