N M: base: 
 base=(3)  2I=(+0 +2 -2)  2J=(+0 +2 -2 )
 conv 1.12818e-31
 iter 3
 roots (1.68826e-18,0) (0.162903,0) (-0.162903,0) (-1.68826e-18,0)
 dirty (7.7601e-18,0) (1,0) (-1,0) (-8.83487e-18,0)

 base=(3)  2I=(+0 +2 +4)  2J=(+0 +2 +4 )
 conv 4.57617e-22
 iter 10
 roots (-0.0198769,0) (0.132557,0) (0.317654,0)
 dirty (-3.56975e-12,0) (1,0) (2,0)

 base=(3)  2I=(+0 -2 +4)  2J=(+0 -2 +4 )
 conv 2.58981e-22
 iter 10
 roots (-0.0073341,0) (-0.161792,0) (0.334355,0)
 dirty (-3.78065e-12,0) (-1,0) (2,0)

 base=(3)  2I=(+2 -2 +4)  2J=(+2 -2 +4 )
 conv 2.04728e-22
 iter 10
 roots (0.139075,0) (-0.168416,0) (0.325588,0)
 dirty (1,0) (-1,0) (2,0)

 base=(3)  2I=(+0 +2 -4)  2J=(+0 +2 -4 )
 conv 2.58571e-22
 iter 10
 roots (0.0073341,0) (0.161792,0) (-0.334355,0)
 dirty (3.79705e-12,0) (1,0) (-2,0)

 base=(3)  2I=(+0 -2 -4)  2J=(+0 -2 -4 )
 conv 4.56721e-22
 iter 10
 roots (0.0198769,0) (-0.132557,0) (-0.317654,0)
 dirty (3.58081e-12,0) (-1,0) (-2,0)

 base=(3)  2I=(+2 -2 -4)  2J=(+2 -2 -4 )
 conv 4.19595e-22
 iter 10
 roots (0.168416,0) (-0.139075,0) (-0.325588,0)
 dirty (1,0) (-1,0) (-2,0)

 base=(3)  2I=(+0 +4 -4)  2J=(+0 +4 -4 )
 conv 4.3098e-25
 iter 3
 roots (-2.42837e-19,0) (0.368731,0) (-0.368731,0) (2.42837e-19,0)
 dirty (0,0) (2,0) (-2,0) (0,0)

 base=(3)  2I=(+2 +4 -4)  2J=(+2 +4 -4 )
 conv 1.85546e-21
 iter 10
 roots (0.146378,0) (0.334145,0) (-0.351042,0)
 dirty (1,0) (2,0) (-2,0)

 base=(3)  2I=(-2 +4 -4)  2J=(-2 +4 -4 )
 conv 6.42146e-22
 iter 10
 roots (-0.146378,0) (0.351042,0) (-0.334145,0)
 dirty (-1,0) (2,0) (-2,0)

 base=(3)  2I=(+0 +2 +6)  2J=(+0 +2 +6 )
 conv 7.00857e-22
 iter 12
 roots (-0.0293799,0) (0.121128,0) (0.590519,0)
 dirty (4.16161e-12,0) (1,0) (3,0)

 base=(3)  2I=(+0 -2 +6)  2J=(+0 -2 +6 )
 conv 4.53135e-21
 iter 11
 roots (-0.0171079,0) (-0.171293,0) (0.6146,0)
 dirty (1.28512e-11,0) (-1,0) (3,0)

 base=(3)  2I=(+2 -2 +6)  2J=(+2 -2 +6 )
 conv 2.80089e-22
 iter 12
 roots (0.127449,0) (-0.177807,0) (0.601741,0)
 dirty (1,0) (-1,0) (3,0)

 base=(3)  2I=(+0 +4 +6)  2J=(+0 +4 +6 )
 conv 2.30242e-21
 iter 12
 roots (-0.0360467,0) (0.290921,0) (0.573784,0)
 dirty (1.28812e-12,0) (2,0) (3,0)

 base=(3)  2I=(+2 +4 +6)  2J=(+2 +4 +6 )
 conv 3.60259e-21
 iter 12
 roots (0.107491,0) (0.283274,0) (0.561848,0)
 dirty (1,0) (2,0) (3,0)

 base=(3)  2I=(-2 +4 +6)  2J=(-2 +4 +6 )
 conv 1.23966e-21
 iter 12
 roots (-0.184754,0) (0.298256,0) (0.584662,0)
 dirty (-1,0) (2,0) (3,0)

 base=(3)  2I=(+0 -4 +6)  2J=(+0 -4 +6 )
 conv 1.77508e-21
 iter 11
 roots (-0.00980889,0) (-0.353818,0) (0.626529,0)
 dirty (3.12316e-12,0) (-2,0) (3,0)

 base=(3)  2I=(+2 -4 +6)  2J=(+2 -4 +6 )
 conv 4.84659e-21
 iter 11
 roots (0.134605,0) (-0.361814,0) (0.613568,0)
 dirty (1,0) (-2,0) (3,0)

 base=(3)  2I=(-2 -4 +6)  2J=(-2 -4 +6 )
 conv 6.60959e-22
 iter 11
 roots (-0.15584,0) (-0.344942,0) (0.637957,0)
 dirty (-1,0) (-2,0) (3,0)

 base=(3)  2I=(+4 -4 +6)  2J=(+4 -4 +6 )
 conv 3.90332e-22
 iter 12
 roots (0.306308,0) (-0.370084,0) (0.596201,0)
 dirty (2,0) (-2,0) (3,0)

 base=(3)  2I=(+0 +2 -6)  2J=(+0 +2 -6 )
 conv 4.52283e-21
 iter 11
 roots (0.0171079,0) (0.171293,0) (-0.6146,0)
 dirty (-1.28292e-11,0) (1,0) (-3,0)

 base=(3)  2I=(+0 -2 -6)  2J=(+0 -2 -6 )
 conv 7.00094e-22
 iter 12
 roots (0.0293799,0) (-0.121128,0) (-0.590519,0)
 dirty (-4.15826e-12,0) (-1,0) (-3,0)

 base=(3)  2I=(+2 -2 -6)  2J=(+2 -2 -6 )
 conv 3.03667e-22
 iter 12
 roots (0.177807,0) (-0.127449,0) (-0.601741,0)
 dirty (1,0) (-1,0) (-3,0)

 base=(3)  2I=(+0 +4 -6)  2J=(+0 +4 -6 )
 conv 1.77105e-21
 iter 11
 roots (0.00980889,0) (0.353818,0) (-0.626529,0)
 dirty (-3.10457e-12,0) (2,0) (-3,0)

 base=(3)  2I=(+2 +4 -6)  2J=(+2 +4 -6 )
 conv 6.59362e-22
 iter 11
 roots (0.15584,0) (0.344942,0) (-0.637957,0)
 dirty (1,0) (2,0) (-3,0)

 base=(3)  2I=(-2 +4 -6)  2J=(-2 +4 -6 )
 conv 4.83741e-21
 iter 11
 roots (-0.134605,0) (0.361814,0) (-0.613568,0)
 dirty (-1,0) (2,0) (-3,0)

 base=(3)  2I=(+0 -4 -6)  2J=(+0 -4 -6 )
 conv 2.3007e-21
 iter 12
 roots (0.0360467,0) (-0.290921,0) (-0.573784,0)
 dirty (-1.28533e-12,0) (-2,0) (-3,0)

 base=(3)  2I=(+2 -4 -6)  2J=(+2 -4 -6 )
 conv 1.2386e-21
 iter 12
 roots (0.184754,0) (-0.298256,0) (-0.584662,0)
 dirty (1,0) (-2,0) (-3,0)

 base=(3)  2I=(-2 -4 -6)  2J=(-2 -4 -6 )
 conv 3.60002e-21
 iter 12
 roots (-0.107491,0) (-0.283274,0) (-0.561848,0)
 dirty (-1,0) (-2,0) (-3,0)

 base=(3)  2I=(+4 -4 -6)  2J=(+4 -4 -6 )
 conv 5.44588e-22
 iter 12
 roots (0.370084,0) (-0.306308,0) (-0.596201,0)
 dirty (2,0) (-2,0) (-3,0)

 base=(3)  2I=(+0 +6 -6)  2J=(+0 +6 -6 )
 conv 1.23342e-32
 iter 4
 roots (-1.2761e-18,0) (0.7323,0) (-0.7323,0) (1.2761e-18,0)
 dirty (8.12389e-19,0) (3,0) (-3,0) (0,0)

 base=(3)  2I=(+2 +6 -6)  2J=(+2 +6 -6 )
 conv 9.78387e-21
 iter 11
 roots (0.14392,0) (0.628344,0) (-0.652726,0)
 dirty (1,0) (3,0) (-3,0)

 base=(3)  2I=(-2 +6 -6)  2J=(-2 +6 -6 )
 conv 4.51264e-21
 iter 11
 roots (-0.14392,0) (0.652726,0) (-0.628344,0)
 dirty (-1,0) (3,0) (-3,0)

 base=(3)  2I=(+4 +6 -6)  2J=(+4 +6 -6 )
 conv 7.23532e-22
 iter 12
 roots (0.316549,0) (0.61066,0) (-0.664189,0)
 dirty (2,0) (3,0) (-3,0)

 base=(3)  2I=(-4 +6 -6)  2J=(-4 +6 -6 )
 conv 6.58982e-21
 iter 11
 roots (-0.316549,0) (0.664189,0) (-0.61066,0)
 dirty (-2,0) (3,0) (-3,0)

 base=(3)  2I=(+0 +2 +8)  2J=(+0 +2 +8 )
 conv 7.36178e-21
 iter 16
 roots (-0.0445553,0) (0.102435,0) (1.27025,0)
 dirty (9.63358e-12,0) (1,0) (4,0)

 base=(3)  2I=(+0 -2 +8)  2J=(+0 -2 +8 )
 conv 4.51541e-21
 iter 15
 roots (-0.0324956,0) (-0.18612,0) (1.31183,0)
 dirty (7.71716e-12,0) (-1,0) (4,0)

 base=(3)  2I=(+2 -2 +8)  2J=(+2 -2 +8 )
 conv 1.62687e-21
 iter 16
 roots (0.108565,0) (-0.192564,0) (1.28992,0)
 dirty (1,0) (-1,0) (4,0)

 base=(3)  2I=(+0 +4 +8)  2J=(+0 +4 +8 )
 conv 5.90559e-21
 iter 17
 roots (-0.0508478,0) (0.26314,0) (1.24065,0)
 dirty (7.59771e-12,0) (2,0) (4,0)

 base=(3)  2I=(+2 +4 +8)  2J=(+2 +4 +8 )
 conv 2.12539e-21
 iter 18
 roots (0.0897185,0) (0.256168,0) (1.2191,0)
 dirty (1,0) (2,0) (4,0)

 base=(3)  2I=(-2 +4 +8)  2J=(-2 +4 +8 )
 conv 1.49763e-21
 iter 17
 roots (-0.199242,0) (0.269992,0) (1.26017,0)
 dirty (-1,0) (2,0) (4,0)

 base=(3)  2I=(+0 -4 +8)  2J=(+0 -4 +8 )
 conv 8.58196e-22
 iter 15
 roots (-0.0251588,0) (-0.370709,0) (1.33266,0)
 dirty (3.04174e-12,0) (-2,0) (4,0)

 base=(3)  2I=(+2 -4 +8)  2J=(+2 -4 +8 )
 conv 6.43954e-21
 iter 15
 roots (0.115603,0) (-0.3787,0) (1.31088,0)
 dirty (1,0) (-2,0) (4,0)

 base=(3)  2I=(-2 -4 +8)  2J=(-2 -4 +8 )
 conv 3.58322e-21
 iter 14
 roots (-0.170435,0) (-0.361673,0) (1.35187,0)
 dirty (-1,0) (-2,0) (4,0)

 base=(3)  2I=(+4 -4 +8)  2J=(+4 -4 +8 )
 conv 5.5102e-21
 iter 16
 roots (0.277631,0) (-0.386737,0) (1.28107,0)
 dirty (2,0) (-2,0) (4,0)

 base=(3)  2I=(+0 +6 +8)  2J=(+0 +6 +8 )
 conv 4.07418e-21
 iter 19
 roots (-0.0584895,0) (0.49124,0) (1.1882,0)
 dirty (4.07486e-12,0) (3,0) (4,0)

 base=(3)  2I=(+2 +6 +8)  2J=(+2 +6 +8 )
 conv 1.40722e-21
 iter 20
 roots (0.0812774,0) (0.482012,0) (1.16752,0)
 dirty (1,0) (3,0) (4,0)

 base=(3)  2I=(-2 +6 +8)  2J=(-2 +6 +8 )
 conv 1.33086e-21
 iter 19
 roots (-0.207107,0) (0.5,0) (1.20711,0)
 dirty (-1,0) (3,0) (4,0)

 base=(3)  2I=(+4 +6 +8)  2J=(+4 +6 +8 )
 conv 6.88281e-21
 iter 20
 roots (0.237402,0) (0.470815,0) (1.14029,0)
 dirty (2,0) (3,0) (4,0)

 base=(3)  2I=(-4 +6 +8)  2J=(-4 +6 +8 )
 conv 4.68925e-21
 iter 18
 roots (-0.395974,0) (0.50952,0) (1.22748,0)
 dirty (-2,0) (3,0) (4,0)

 base=(3)  2I=(+0 -6 +8)  2J=(+0 -6 +8 )
 conv 2.99929e-21
 iter 14
 roots (-0.0152421,0) (-0.664981,0) (1.35944,0)
 dirty (3.8384e-12,0) (-3,0) (4,0)

 base=(3)  2I=(+2 -6 +8)  2J=(+2 -6 +8 )
 conv 1.00184e-21
 iter 15
 roots (0.124819,0) (-0.676321,0) (1.33788,0)
 dirty (1,0) (-3,0) (4,0)

 base=(3)  2I=(-2 -6 +8)  2J=(-2 -6 +8 )
 conv 4.91044e-22
 iter 14
 roots (-0.158189,0) (-0.651691,0) (1.37819,0)
 dirty (-1,0) (-3,0) (4,0)

 base=(3)  2I=(+4 -6 +8)  2J=(+4 -6 +8 )
 conv 9.79905e-22
 iter 16
 roots (0.287402,0) (-0.687464,0) (1.30805,0)
 dirty (2,0) (-3,0) (4,0)

 base=(3)  2I=(-4 -6 +8)  2J=(-4 -6 +8 )
 conv 2.6817e-21
 iter 13
 roots (-0.332203,0) (-0.633384,0) (1.39739,0)
 dirty (-2,0) (-3,0) (4,0)

 base=(3)  2I=(+6 -6 +8)  2J=(+6 -6 +8 )
 conv 1.06867e-21
 iter 18
 roots (0.521516,0) (-0.7001,0) (1.25387,0)
 dirty (3,0) (-3,0) (4,0)

 base=(3)  2I=(+0 +2 -8)  2J=(+0 +2 -8 )
 conv 4.50671e-21
 iter 15
 roots (0.0324956,0) (0.18612,0) (-1.31183,0)
 dirty (-7.7097e-12,0) (1,0) (-4,0)

 base=(3)  2I=(+0 -2 -8)  2J=(+0 -2 -8 )
 conv 7.35714e-21
 iter 16
 roots (0.0445553,0) (-0.102435,0) (-1.27025,0)
 dirty (-9.63051e-12,0) (-1,0) (-4,0)

 base=(3)  2I=(+2 -2 -8)  2J=(+2 -2 -8 )
 conv 1.63677e-21
 iter 16
 roots (0.192564,0) (-0.108565,0) (-1.28992,0)
 dirty (1,0) (-1,0) (-4,0)

 base=(3)  2I=(+0 +4 -8)  2J=(+0 +4 -8 )
 conv 8.57619e-22
 iter 15
 roots (0.0251588,0) (0.370709,0) (-1.33266,0)
 dirty (-3.04068e-12,0) (2,0) (-4,0)

 base=(3)  2I=(+2 +4 -8)  2J=(+2 +4 -8 )
 conv 3.57881e-21
 iter 14
 roots (0.170435,0) (0.361673,0) (-1.35187,0)
 dirty (1,0) (2,0) (-4,0)

 base=(3)  2I=(-2 +4 -8)  2J=(-2 +4 -8 )
 conv 6.42854e-21
 iter 15
 roots (-0.115603,0) (0.3787,0) (-1.31088,0)
 dirty (-1,0) (2,0) (-4,0)

 base=(3)  2I=(+0 -4 -8)  2J=(+0 -4 -8 )
 conv 5.90394e-21
 iter 17
 roots (0.0508478,0) (-0.26314,0) (-1.24065,0)
 dirty (-7.59658e-12,0) (-2,0) (-4,0)

 base=(3)  2I=(+2 -4 -8)  2J=(+2 -4 -8 )
 conv 1.497e-21
 iter 17
 roots (0.199242,0) (-0.269992,0) (-1.26017,0)
 dirty (1,0) (-2,0) (-4,0)

 base=(3)  2I=(-2 -4 -8)  2J=(-2 -4 -8 )
 conv 2.12397e-21
 iter 18
 roots (-0.0897185,0) (-0.256168,0) (-1.2191,0)
 dirty (-1,0) (-2,0) (-4,0)

 base=(3)  2I=(+4 -4 -8)  2J=(+4 -4 -8 )
 conv 5.61775e-21
 iter 16
 roots (0.386737,0) (-0.277631,0) (-1.28107,0)
 dirty (2,0) (-2,0) (-4,0)

 base=(3)  2I=(+0 +6 -8)  2J=(+0 +6 -8 )
 conv 2.99542e-21
 iter 14
 roots (0.0152421,0) (0.664981,0) (-1.35944,0)
 dirty (-3.83571e-12,0) (3,0) (-4,0)

 base=(3)  2I=(+2 +6 -8)  2J=(+2 +6 -8 )
 conv 4.89905e-22
 iter 14
 roots (0.158189,0) (0.651691,0) (-1.37819,0)
 dirty (1,0) (3,0) (-4,0)

 base=(3)  2I=(-2 +6 -8)  2J=(-2 +6 -8 )
 conv 1.00121e-21
 iter 15
 roots (-0.124819,0) (0.676321,0) (-1.33788,0)
 dirty (-1,0) (3,0) (-4,0)

 base=(3)  2I=(+4 +6 -8)  2J=(+4 +6 -8 )
 conv 2.67062e-21
 iter 13
 roots (0.332203,0) (0.633384,0) (-1.39739,0)
 dirty (2,0) (3,0) (-4,0)

 base=(3)  2I=(-4 +6 -8)  2J=(-4 +6 -8 )
 conv 9.7873e-22
 iter 16
 roots (-0.287402,0) (0.687464,0) (-1.30805,0)
 dirty (-2,0) (3,0) (-4,0)

 base=(3)  2I=(+0 -6 -8)  2J=(+0 -6 -8 )
 conv 4.07318e-21
 iter 19
 roots (0.0584895,0) (-0.49124,0) (-1.1882,0)
 dirty (-4.07454e-12,0) (-3,0) (-4,0)

 base=(3)  2I=(+2 -6 -8)  2J=(+2 -6 -8 )
 conv 1.33041e-21
 iter 19
 roots (0.207107,0) (-0.5,0) (-1.20711,0)
 dirty (1,0) (-3,0) (-4,0)

 base=(3)  2I=(-2 -6 -8)  2J=(-2 -6 -8 )
 conv 1.40696e-21
 iter 20
 roots (-0.0812774,0) (-0.482012,0) (-1.16752,0)
 dirty (-1,0) (-3,0) (-4,0)

 base=(3)  2I=(+4 -6 -8)  2J=(+4 -6 -8 )
 conv 4.68696e-21
 iter 18
 roots (0.395974,0) (-0.50952,0) (-1.22748,0)
 dirty (2,0) (-3,0) (-4,0)

 base=(3)  2I=(-4 -6 -8)  2J=(-4 -6 -8 )
 conv 6.88034e-21
 iter 20
 roots (-0.237402,0) (-0.470815,0) (-1.14029,0)
 dirty (-2,0) (-3,0) (-4,0)

 base=(3)  2I=(+6 -6 -8)  2J=(+6 -6 -8 )
 conv 1.13648e-21
 iter 18
 roots (0.7001,0) (-0.521516,0) (-1.25387,0)
 dirty (3,0) (-3,0) (-4,0)

 base=(3)  2I=(+0 +8 -8)  2J=(+0 +8 -8 )
 conv 1.85498e-22
 iter 4
 roots (-2.0895e-18,0) (2.24733,0) (-2.24733,0) (2.0895e-18,0)
 dirty (1.33022e-18,0) (4,0) (-4,0) (0,0)

 base=(3)  2I=(+2 +8 -8)  2J=(+2 +8 -8 )
 conv 8.18967e-21
 iter 14
 roots (0.138778,0) (1.38391,0) (-1.42362,0)
 dirty (1,0) (4,0) (-4,0)

 base=(3)  2I=(-2 +8 -8)  2J=(-2 +8 -8 )
 conv 4.94043e-21
 iter 14
 roots (-0.138778,0) (1.42362,0) (-1.38391,0)
 dirty (-1,0) (4,0) (-4,0)

 base=(3)  2I=(+4 +8 -8)  2J=(+4 +8 -8 )
 conv 4.37761e-21
 iter 15
 roots (0.30214,0) (1.35387,0) (-1.44179,0)
 dirty (2,0) (4,0) (-4,0)

 base=(3)  2I=(-4 +8 -8)  2J=(-4 +8 -8 )
 conv 2.28233e-21
 iter 15
 roots (-0.30214,0) (1.44179,0) (-1.35387,0)
 dirty (-2,0) (4,0) (-4,0)

 base=(3)  2I=(+6 +8 -8)  2J=(+6 +8 -8 )
 conv 3.86323e-21
 iter 17
 roots (0.539756,0) (1.29849,0) (-1.46286,0)
 dirty (3,0) (4,0) (-4,0)

 base=(3)  2I=(-6 +8 -8)  2J=(-6 +8 -8 )
 conv 2.07766e-21
 iter 17
 roots (-0.539756,0) (1.46286,0) (-1.29849,0)
 dirty (-3,0) (4,0) (-4,0)
84 states scanned
0 not converged: 

 base=(1 1)  2I=(+0 +0)  2J=(+0 +12 )
 conv 1.37187e-21
 iter 1
 roots (1.57055e-20,0) (-1.57055e-20,0) (0,0.5) (-0,-0.5)
 dirty (0,0) (0,0) (5.5,42.3888) (-5.5,-42.3888)

 base=(1 1)  2I=(+2 +0)  2J=(+2 +12 )
 conv 6.55511e-21
 iter 14
 roots (0.157158,0) (-0.0427659,0.5) (-0.0427659,-0.5)
 dirty (1,0) (-3,0.0103591) (-3,-0.0103591)

 base=(1 1)  2I=(-2 +0)  2J=(-2 +12 )
 conv 6.55736e-21
 iter 14
 roots (-0.157158,0) (0.0427659,0.5) (0.0427659,-0.5)
 dirty (-1,0) (3,0.0103591) (3,-0.0103591)

 base=(1 1)  2I=(+4 +0)  2J=(+4 +12 )
 conv 1.51566e-21
 iter 13
 roots (0.346408,0) (-0.0824763,0.5) (-0.0824763,-0.5)
 dirty (2,0) (-3,-1.05853e-05) (-3,1.05853e-05)

 base=(1 1)  2I=(-4 +0)  2J=(-4 +12 )
 conv 1.51751e-21
 iter 13
 roots (-0.346408,0) (0.0824763,0.5) (0.0824763,-0.5)
 dirty (-2,0) (3,-1.05853e-05) (3,1.05853e-05)

 base=(1 1)  2I=(+6 +0)  2J=(+6 +12 )
 conv 3.16692e-21
 iter 12
 roots (0.639253,0) (-0.122232,0.5) (-0.122232,-0.5)
 dirty (3,0) (-3,2.17475e-07) (-3,-2.17475e-07)

 base=(1 1)  2I=(-6 +0)  2J=(-6 +12 )
 conv 3.16169e-21
 iter 12
 roots (-0.639253,0) (0.122232,0.5) (0.122232,-0.5)
 dirty (-3,0) (3,2.17475e-07) (3,-2.17475e-07)

 base=(1 1)  2I=(+8 +0)  2J=(+8 +12 )
 conv 4.44541e-21
 iter 14
 roots (1.35833,0) (-0.172576,0.5) (-0.172576,-0.5)
 dirty (4,0) (-3,3.08118e-09) (-3,-3.08118e-09)

 base=(1 1)  2I=(-8 +0)  2J=(-8 +12 )
 conv 4.44215e-21
 iter 14
 roots (-1.35833,0) (0.172576,0.5) (0.172576,-0.5)
 dirty (-4,0) (3,3.08118e-09) (3,-3.08118e-09)

 base=(1 1)  2I=(+0 +2)  2J=(+0 +14 )
 conv 8.34599e-22
 iter 16
 roots (-0.0382717,0) (0.351694,0.500004) (0.351694,-0.500004)
 dirty (-2.3821e-11,0) (3,1.11477e-10) (4,-1.11477e-10)

 base=(1 1)  2I=(+2 +2)  2J=(+2 +14 )
 conv 6.09809e-21
 iter 16
 roots (0.110846,0) (0.315296,0.500002) (0.315296,-0.500002)
 dirty (1,0) (3,3.51918e-10) (4,-3.51918e-10)

 base=(1 1)  2I=(-2 +2)  2J=(-2 +14 )
 conv 2.46174e-21
 iter 14
 roots (-0.18986,0) (0.379698,0.500008) (0.379698,-0.500008)
 dirty (-1,0) (3,1.63847e-10) (4,-1.63847e-10)

 base=(1 1)  2I=(+4 +2)  2J=(+4 +14 )
 conv 1.01122e-21
 iter 17
 roots (0.293692,0) (0.259933,0.5) (0.259933,-0.5)
 dirty (2,0) (3,1.09511e-10) (4,-1.09511e-10)

 base=(1 1)  2I=(-4 +2)  2J=(-4 +14 )
 conv 3.37216e-22
 iter 14
 roots (-0.377977,0) (0.40577,0.500015) (0.40577,-0.500015)
 dirty (-2,0) (3,4.02675e-11) (4,-4.02675e-11)

 base=(1 1)  2I=(+6 +2)  2J=(+6 +14 )
 conv 2.71666e-21
 iter 16
 roots (0.58438,0) (0.186252,0.5) (0.186252,-0.5)
 dirty (3,0) (3,-1.07944e-09) (4,1.07944e-09)

 base=(1 1)  2I=(-6 +2)  2J=(-6 +14 )
 conv 2.74611e-22
 iter 14
 roots (-0.676386,0) (0.435322,0.500025) (0.435322,-0.500025)
 dirty (-3,0) (3,1.15e-11) (4,-1.15e-11)

 base=(1 1)  2I=(+8 +2)  2J=(+8 +14 )
 conv 7.19281e-22
 iter 17
 roots (1.28631,0) (0.109368,0.5) (0.109368,-0.5)
 dirty (4,0) (3,-4.94721e-07) (4,4.94721e-07)

 base=(1 1)  2I=(-8 +2)  2J=(-8 +14 )
 conv 8.51269e-22
 iter 15
 roots (-1.41774,0) (0.478444,0.500051) (0.478444,-0.500051)
 dirty (-4,0) (3,4.60431e-12) (4,-4.60431e-12)

 base=(1 1)  2I=(+0 -2)  2J=(+0 +10 )
 conv 8.34611e-22
 iter 16
 roots (0.0382717,0) (-0.351694,0.500004) (-0.351694,-0.500004)
 dirty (2.38212e-11,0) (-4,1.11477e-10) (-3,-1.11477e-10)

 base=(1 1)  2I=(+2 -2)  2J=(+2 +10 )
 conv 2.46176e-21
 iter 14
 roots (0.18986,0) (-0.379698,0.500008) (-0.379698,-0.500008)
 dirty (1,0) (-4,1.63847e-10) (-3,-1.63847e-10)

 base=(1 1)  2I=(-2 -2)  2J=(-2 +10 )
 conv 6.09827e-21
 iter 16
 roots (-0.110846,0) (-0.315296,0.500002) (-0.315296,-0.500002)
 dirty (-1,0) (-4,3.51916e-10) (-3,-3.51916e-10)

 base=(1 1)  2I=(+4 -2)  2J=(+4 +10 )
 conv 3.3722e-22
 iter 14
 roots (0.377977,0) (-0.40577,0.500015) (-0.40577,-0.500015)
 dirty (2,0) (-4,4.02675e-11) (-3,-4.02675e-11)

 base=(1 1)  2I=(-4 -2)  2J=(-4 +10 )
 conv 1.01129e-21
 iter 17
 roots (-0.293692,0) (-0.259933,0.5) (-0.259933,-0.5)
 dirty (-2,0) (-4,1.09509e-10) (-3,-1.09509e-10)

 base=(1 1)  2I=(+6 -2)  2J=(+6 +10 )
 conv 2.74611e-22
 iter 14
 roots (0.676386,0) (-0.435322,0.500025) (-0.435322,-0.500025)
 dirty (3,0) (-4,1.15e-11) (-3,-1.15e-11)

 base=(1 1)  2I=(-6 -2)  2J=(-6 +10 )
 conv 2.71713e-21
 iter 16
 roots (-0.58438,0) (-0.186252,0.5) (-0.186252,-0.5)
 dirty (-3,0) (-4,-1.07945e-09) (-3,1.07945e-09)

 base=(1 1)  2I=(+8 -2)  2J=(+8 +10 )
 conv 8.51166e-22
 iter 15
 roots (1.41774,0) (-0.478444,0.500051) (-0.478444,-0.500051)
 dirty (4,0) (-4,4.60431e-12) (-3,-4.60431e-12)

 base=(1 1)  2I=(-8 -2)  2J=(-8 +10 )
 conv 7.19066e-22
 iter 17
 roots (-1.28631,0) (-0.109368,0.5) (-0.109368,-0.5)
 dirty (-4,0) (-4,-4.94721e-07) (-3,4.94721e-07)

 base=(1 1)  2I=(+0 +4)  2J=(+0 +16 )
 conv 1.19243e-21
 iter 24
 roots (-0.0642765,0) (0.768658,0.495241) (0.768658,-0.495241)
 dirty (1.17869e-11,0) (4,-5.33468e-11) (4,5.33468e-11)

 base=(1 1)  2I=(+2 +4)  2J=(+2 +16 )
 conv 2.90103e-21
 iter 24
 roots (0.0754657,0) (0.743197,0.495915) (0.743197,-0.495915)
 dirty (1,0) (4,-8.61255e-11) (4,8.61255e-11)

 base=(1 1)  2I=(-2 +4)  2J=(-2 +16 )
 conv 7.80849e-21
 iter 22
 roots (-0.213246,0) (0.790806,0.49462) (0.790806,-0.49462)
 dirty (-1,0) (4,-1.3227e-10) (4,1.3227e-10)

 base=(1 1)  2I=(+4 +4)  2J=(+4 +16 )
 conv 2.76327e-21
 iter 26
 roots (0.232373,0) (0.706589,0.496833) (0.706589,-0.496833)
 dirty (2,0) (4,-8.76603e-11) (4,8.76603e-11)

 base=(1 1)  2I=(-4 +4)  2J=(-4 +16 )
 conv 6.39168e-21
 iter 22
 roots (-0.403195,0) (0.813809,0.493925) (0.813809,-0.493925)
 dirty (-2,0) (4,-1.15532e-10) (4,1.15532e-10)

 base=(1 1)  2I=(+6 +4)  2J=(+6 +16 )
 conv 6.7806e-21
 iter 32
 roots (0.466458,0) (0.626896,0.49854) (0.626896,-0.49854)
 dirty (3,0) (4,-1.40386e-10) (4,1.40386e-10)

 base=(1 1)  2I=(-6 +4)  2J=(-6 +16 )
 conv 6.82683e-21
 iter 22
 roots (-0.709728,0) (0.842525,0.492952) (0.842525,-0.492952)
 dirty (-3,0) (4,-1.1328e-10) (4,1.1328e-10)

 base=(1 1)  2I=(+8 +4)  2J=(+8 +16 )
 conv 3.56227e-21
 iter 25
 roots (1.17047,0) (0.427237,0.499975) (0.427237,-0.499975)
 dirty (4,0) (4,-3.85469e-11) (4,3.85469e-11)

 base=(1 1)  2I=(-8 +4)  2J=(-8 +16 )
 conv 1.54387e-21
 iter 23
 roots (-1.47749,0) (0.88865,0.491018) (0.88865,-0.491018)
 dirty (-4,0) (4,-4.65915e-11) (4,4.65915e-11)

 base=(1 1)  2I=(+0 -4)  2J=(+0 +8 )
 conv 1.19243e-21
 iter 24
 roots (0.0642765,0) (-0.768658,0.495241) (-0.768658,-0.495241)
 dirty (-1.17869e-11,0) (-4,-5.33468e-11) (-4,5.33468e-11)

 base=(1 1)  2I=(+2 -4)  2J=(+2 +8 )
 conv 7.80849e-21
 iter 22
 roots (0.213246,0) (-0.790806,0.49462) (-0.790806,-0.49462)
 dirty (1,0) (-4,-1.3227e-10) (-4,1.3227e-10)

 base=(1 1)  2I=(-2 -4)  2J=(-2 +8 )
 conv 2.90103e-21
 iter 24
 roots (-0.0754657,0) (-0.743197,0.495915) (-0.743197,-0.495915)
 dirty (-1,0) (-4,-8.61255e-11) (-4,8.61255e-11)

 base=(1 1)  2I=(+4 -4)  2J=(+4 +8 )
 conv 6.39168e-21
 iter 22
 roots (0.403195,0) (-0.813809,0.493925) (-0.813809,-0.493925)
 dirty (2,0) (-4,-1.15532e-10) (-4,1.15532e-10)

 base=(1 1)  2I=(-4 -4)  2J=(-4 +8 )
 conv 2.76327e-21
 iter 26
 roots (-0.232373,0) (-0.706589,0.496833) (-0.706589,-0.496833)
 dirty (-2,0) (-4,-8.76603e-11) (-4,8.76603e-11)

 base=(1 1)  2I=(+6 -4)  2J=(+6 +8 )
 conv 6.82683e-21
 iter 22
 roots (0.709728,0) (-0.842525,0.492952) (-0.842525,-0.492952)
 dirty (3,0) (-4,-1.1328e-10) (-4,1.1328e-10)

 base=(1 1)  2I=(-6 -4)  2J=(-6 +8 )
 conv 6.7806e-21
 iter 32
 roots (-0.466458,0) (-0.626896,0.49854) (-0.626896,-0.49854)
 dirty (-3,0) (-4,-1.40386e-10) (-4,1.40386e-10)

 base=(1 1)  2I=(+8 -4)  2J=(+8 +8 )
 conv 1.54387e-21
 iter 23
 roots (1.47749,0) (-0.88865,0.491018) (-0.88865,-0.491018)
 dirty (4,0) (-4,-4.65915e-11) (-4,4.65915e-11)

 base=(1 1)  2I=(-8 -4)  2J=(-8 +8 )
 conv 3.56233e-21
 iter 25
 roots (-1.17047,0) (-0.427237,0.499975) (-0.427237,-0.499975)
 dirty (-4,0) (-4,-3.85466e-11) (-4,3.85466e-11)

 base=(1 1)  2I=(+0 +6)  2J=(+0 +18 )
 conv 7.95956e-21
 iter 28
 roots (-0.0850151,0) (1.34564,0.579856) (1.34564,-0.579856)
 dirty (8.27227e-12,0) (4,2.32526e-11) (5,-2.32526e-11)

 base=(1 1)  2I=(+2 +6)  2J=(+2 +18 )
 conv 9.41836e-21
 iter 28
 roots (0.0506795,0) (1.32326,0.578414) (1.32326,-0.578414)
 dirty (1,0) (4,-6.08977e-12) (5,6.08977e-12)

 base=(1 1)  2I=(-2 +6)  2J=(-2 +18 )
 conv 9.72897e-21
 iter 28
 roots (-0.233764,0) (1.36686,0.581325) (1.36686,-0.581325)
 dirty (-1,0) (4,5.30999e-11) (5,-5.30999e-11)

 base=(1 1)  2I=(+4 +6)  2J=(+4 +18 )
 conv 5.67633e-21
 iter 29
 roots (0.195403,0) (1.29528,0.576717) (1.29528,-0.576717)
 dirty (2,0) (4,-2.43963e-11) (5,2.43963e-11)

 base=(1 1)  2I=(-4 +6)  2J=(-4 +18 )
 conv 4.68998e-21
 iter 28
 roots (-0.427069,0) (1.39038,0.583099) (1.39038,-0.583099)
 dirty (-2,0) (4,3.24494e-12) (5,-3.24494e-12)

 base=(1 1)  2I=(+6 +6)  2J=(+6 +18 )
 conv 4.38866e-22
 iter 30
 roots (0.380347,0) (1.25099,0.574075) (1.25099,-0.574075)
 dirty (3,0) (4,-6.26237e-12) (5,6.26237e-12)

 base=(1 1)  2I=(-6 +6)  2J=(-6 +18 )
 conv 3.85378e-21
 iter 28
 roots (-0.743486,0) (1.42149,0.585728) (1.42149,-0.585728)
 dirty (-3,0) (4,-1.79968e-11) (5,1.79968e-11)

 base=(1 1)  2I=(+8 +6)  2J=(+8 +18 )
 conv 2.71e-21
 iter 37
 roots (0.721256,0) (1.12085,0.562862) (1.12085,-0.562862)
 dirty (4,0) (4,1.27022e-11) (5,-1.27022e-11)

 base=(1 1)  2I=(-8 +6)  2J=(-8 +18 )
 conv 9.53276e-21
 iter 28
 roots (-1.54249,0) (1.47481,0.591113) (1.47481,-0.591113)
 dirty (-4,0) (4,-4.44292e-11) (5,4.44292e-11)

 base=(1 1)  2I=(+0 -6)  2J=(+0 +6 )
 conv 7.95956e-21
 iter 28
 roots (0.0850151,0) (-1.34564,0.579856) (-1.34564,-0.579856)
 dirty (-8.27227e-12,0) (-5,2.32526e-11) (-4,-2.32526e-11)

 base=(1 1)  2I=(+2 -6)  2J=(+2 +6 )
 conv 9.72902e-21
 iter 28
 roots (0.233764,0) (-1.36686,0.581325) (-1.36686,-0.581325)
 dirty (1,0) (-5,5.30999e-11) (-4,-5.30999e-11)

 base=(1 1)  2I=(-2 -6)  2J=(-2 +6 )
 conv 9.41836e-21
 iter 28
 roots (-0.0506795,0) (-1.32326,0.578414) (-1.32326,-0.578414)
 dirty (-1,0) (-5,-6.08977e-12) (-4,6.08977e-12)

 base=(1 1)  2I=(+4 -6)  2J=(+4 +6 )
 conv 4.68999e-21
 iter 28
 roots (0.427069,0) (-1.39038,0.583099) (-1.39038,-0.583099)
 dirty (2,0) (-5,3.24438e-12) (-4,-3.24438e-12)

 base=(1 1)  2I=(-4 -6)  2J=(-4 +6 )
 conv 5.67633e-21
 iter 29
 roots (-0.195403,0) (-1.29528,0.576717) (-1.29528,-0.576717)
 dirty (-2,0) (-5,-2.43963e-11) (-4,2.43963e-11)

 base=(1 1)  2I=(+6 -6)  2J=(+6 +6 )
 conv 3.85376e-21
 iter 28
 roots (0.743486,0) (-1.42149,0.585728) (-1.42149,-0.585728)
 dirty (3,0) (-5,-1.79964e-11) (-4,1.79964e-11)

 base=(1 1)  2I=(-6 -6)  2J=(-6 +6 )
 conv 4.38866e-22
 iter 30
 roots (-0.380347,0) (-1.25099,0.574075) (-1.25099,-0.574075)
 dirty (-3,0) (-5,-6.26237e-12) (-4,6.26237e-12)

 base=(1 1)  2I=(+8 -6)  2J=(+8 +6 )
 conv 9.53276e-21
 iter 28
 roots (1.54249,0) (-1.47481,0.591113) (-1.47481,-0.591113)
 dirty (4,0) (-5,-4.44292e-11) (-4,4.44292e-11)

 base=(1 1)  2I=(-8 -6)  2J=(-8 +6 )
 conv 2.70996e-21
 iter 37
 roots (-0.721256,0) (-1.12085,0.562862) (-1.12085,-0.562862)
 dirty (-4,0) (-5,1.27017e-11) (-4,-1.27017e-11)
63 states scanned
0 not converged: 

 base=(0 0 1)  2I=(  +0)  2J=(+24 )
 conv 3.73129e-21
 iter 17
 roots (0,1.00001) (0,0) (-0,-1.00001)
 dirty (5,-6.08894e-07) (0,6.25933e-12) (-5,6.08888e-07)

 base=(0 0 1)  2I=(  +2)  2J=(+26 )
 conv 4.12393e-23
 iter 7
 roots (0.401594,1.00004) (0.401737,0) (0.401594,-1.00004)
 dirty (5,-8.36956e-12) (2,0) (6,8.36952e-12)

 base=(0 0 1)  2I=(  -2)  2J=(+22 )
 conv 4.12399e-23
 iter 7
 roots (-0.401594,1.00004) (-0.401737,0) (-0.401594,-1.00004)
 dirty (-6,-8.36984e-12) (-2,0) (-5,8.36981e-12)

 base=(0 0 1)  2I=(  +4)  2J=(+28 )
 conv 2.94925e-21
 iter 15
 roots (0.856725,1.00766) (0.857138,0) (0.856725,-1.00766)
 dirty (5,-1.02246e-11) (3,0) (6,1.02246e-11)

 base=(0 0 1)  2I=(  -4)  2J=(+20 )
 conv 2.94925e-21
 iter 15
 roots (-0.856725,1.00766) (-0.857138,0) (-0.856725,-1.00766)
 dirty (-6,-1.02246e-11) (-3,0) (-5,1.02246e-11)

 base=(0 0 1)  2I=(  +6)  2J=(+30 )
 conv 7.74851e-21
 iter 39
 roots (1.38995,1.06992) (1.46743,0) (1.38995,-1.06992)
 dirty (5,1.20005e-11) (4,0) (6,-1.20004e-11)

 base=(0 0 1)  2I=(  -6)  2J=(+18 )
 conv 7.74858e-21
 iter 39
 roots (-1.38995,1.06992) (-1.46743,0) (-1.38995,-1.06992)
 dirty (-6,1.19998e-11) (-4,0) (-5,-1.19997e-11)
7 states scanned
0 not converged: 
154 states scanned
0 not converged: 
