N M: base: 
 base=(6)  2I=(+1 -1 +3 -3 +5 -5) 
 guess-2J=(+1 -1 +3 -3 +5 -5 )
 conv 3.73443e-22
 iter 12
 roots (0.0846944,0) (0.282367,0) (0.657299,0) (-0.657299,0) (-0.282367,0) (-0.0846944,0)
 dirty (0.5,0) (1.5,0) (2.5,0) (-2.5,0) (-1.5,0) (-0.5,0)
1 states scanned
0 not converged: 

 base=(4 1)  2I=(+1 -1 +3 -3 +0) 
 guess-2J=(+1 -1 +3 -3 +12 )
 conv 2.00932e-22
 iter 5
 roots (0.090831,0) (0.306942,0) (-0.306942,0) (-0.090831,0) (0,0.5) (-0,-0.5)
 dirty (0.5,0) (1.5,0) (-1.5,0) (-0.5,0) (5.5,46.942) (-5.5,-46.942)

 base=(4 1)  2I=(+1 -1 +3 +5 +0) 
 guess-2J=(+1 -1 +3 +5 +12 )
 conv 4.6561e-21
 iter 52
 roots (0.0953178,0) (-0.0737585,0) (0.294613,0) (0.678244,0) (-0.497208,0.500809) (-0.497208,-0.500809)
 dirty (0.5,0) (-0.5,0) (1.5,0) (2.5,0) (-3.5,1.67424e-10) (-2.5,-1.67424e-10)

 base=(4 1)  2I=(+1 -1 -3 +5 +0) 
 guess-2J=(+1 -1 -3 +5 +12 )
 conv 7.87776e-21
 iter 105
 roots (0.0991183,0) (-0.0764691,0) (-0.286112,0) (0.71019,0) (-0.223363,0.5) (-0.223363,-0.5)
 dirty (0.5,0) (-0.5,0) (-1.5,0) (2.5,0) (-3.5,-6.73679e-10) (-2.5,6.73679e-10)

 base=(4 1)  2I=(+1 +3 -3 +5 +0) 
 guess-2J=(+1 +3 -3 +5 +12 )
 conv 7.63249e-21
 iter 71
 roots (0.0972207,0) (0.29797,0) (-0.273766,0) (0.685712,0) (-0.403568,0.500146) (-0.403568,-0.500146)
 dirty (0.5,0) (1.5,0) (-1.5,0) (2.5,0) (-3.5,2.99408e-10) (-2.5,-2.99408e-10)

 base=(4 1)  2I=(-1 +3 -3 +5 +0) 
 guess-2J=(-1 +3 -3 +5 +12 )
 conv 8.26706e-21
 iter 86
 roots (-0.0737893,0) (0.301469,0) (-0.278284,0) (0.695039,0) (-0.322217,0.500018) (-0.322217,-0.500018)
 dirty (-0.5,0) (1.5,0) (-1.5,0) (2.5,0) (-3.5,4.29355e-10) (-2.5,-4.29355e-10)

 base=(4 1)  2I=(+1 -1 +3 -5 +0) 
 guess-2J=(+1 -1 +3 -5 +12 )
 conv 7.87776e-21
 iter 105
 roots (0.0764691,0) (-0.0991183,0) (0.286112,0) (-0.71019,0) (0.223363,0.5) (0.223363,-0.5)
 dirty (0.5,0) (-0.5,0) (1.5,0) (-2.5,0) (2.5,-6.73673e-10) (3.5,6.73673e-10)

 base=(4 1)  2I=(+1 -1 -3 -5 +0) 
 guess-2J=(+1 -1 -3 -5 +12 )
 conv 4.6561e-21
 iter 52
 roots (0.0737585,0) (-0.0953178,0) (-0.294613,0) (-0.678244,0) (0.497208,0.500809) (0.497208,-0.500809)
 dirty (0.5,0) (-0.5,0) (-1.5,0) (-2.5,0) (2.5,1.67425e-10) (3.5,-1.67425e-10)

 base=(4 1)  2I=(+1 +3 -3 -5 +0) 
 guess-2J=(+1 +3 -3 -5 +12 )
 conv 8.26706e-21
 iter 86
 roots (0.0737893,0) (0.278284,0) (-0.301469,0) (-0.695039,0) (0.322217,0.500018) (0.322217,-0.500018)
 dirty (0.5,0) (1.5,0) (-1.5,0) (-2.5,0) (2.5,4.29358e-10) (3.5,-4.29358e-10)

 base=(4 1)  2I=(-1 +3 -3 -5 +0) 
 guess-2J=(-1 +3 -3 -5 +12 )
 conv 7.63249e-21
 iter 71
 roots (-0.0972207,0) (0.273766,0) (-0.29797,0) (-0.685712,0) (0.403568,0.500146) (0.403568,-0.500146)
 dirty (-0.5,0) (1.5,0) (-1.5,0) (-2.5,0) (2.5,2.99409e-10) (3.5,-2.99409e-10)

 base=(4 1)  2I=(+1 -1 +5 -5 +0) 
 guess-2J=(+1 -1 +5 -5 +12 )
 conv 6.01616e-23
 iter 6
 roots (0.0883096,0) (0.700346,0) (-0.700346,0) (-0.0883096,0) (0,0.5) (-0,-0.5)
 dirty (0.5,0) (2.5,0) (-2.5,0) (-0.5,0) (5.5,48.2523) (-5.5,-48.2523)

 base=(4 1)  2I=(+1 +3 +5 -5 +0) 
 guess-2J=(+1 +3 +5 -5 +12 )
 conv 6.52055e-21
 iter 54
 roots (0.0928492,0) (0.295413,0) (0.684925,0) (-0.694144,0) (-0.189521,0.5) (-0.189521,-0.5)
 dirty (0.5,0) (1.5,0) (2.5,0) (-2.5,0) (-3.5,-7.65886e-10) (-2.5,7.65886e-10)

 base=(4 1)  2I=(-1 +3 +5 -5 +0) 
 guess-2J=(-1 +3 +5 -5 +12 )
 conv 6.47311e-21
 iter 60
 roots (-0.0837245,0) (0.296054,0) (0.690722,0) (-0.696632,0) (-0.103209,0.5) (-0.103209,-0.5)
 dirty (-0.5,0) (1.5,0) (2.5,0) (-2.5,0) (-3.5,2.04112e-07) (-2.5,-2.04112e-07)

 base=(4 1)  2I=(+1 -3 +5 -5 +0) 
 guess-2J=(+1 -3 +5 -5 +12 )
 conv 6.47311e-21
 iter 60
 roots (0.0837245,0) (-0.296054,0) (0.696632,0) (-0.690722,0) (0.103209,0.5) (0.103209,-0.5)
 dirty (0.5,0) (-1.5,0) (2.5,0) (-2.5,0) (2.5,2.04112e-07) (3.5,-2.04112e-07)

 base=(4 1)  2I=(-1 -3 +5 -5 +0) 
 guess-2J=(-1 -3 +5 -5 +12 )
 conv 6.52055e-21
 iter 54
 roots (-0.0928492,0) (-0.295413,0) (0.694144,0) (-0.684925,0) (0.189521,0.5) (0.189521,-0.5)
 dirty (-0.5,0) (-1.5,0) (2.5,0) (-2.5,0) (2.5,-7.65883e-10) (3.5,7.65883e-10)

 base=(4 1)  2I=(+3 -3 +5 -5 +0) 
 guess-2J=(+3 -3 +5 -5 +12 )
 conv 6.53057e-22
 iter 9
 roots (0.293264,0) (0.690507,0) (-0.690507,0) (-0.293264,0) (0,0.5) (-0,-0.5)
 dirty (1.5,0) (2.5,0) (-2.5,0) (-1.5,0) (5.5,51.9266) (-5.5,-51.9266)
15 states scanned
0 not converged: 

 base=(2 2)  2I=(+1 -1 +1 -1) 
 guess-2J=(+1 -1 +12 +12 )
 conv 2.25265e-21
 iter 36
 roots (0.0833352,0) (-0.0833352,0) (0.560191,0.501721) (0.560191,-0.501721) (-0.560191,0.501721) (-0.560191,-0.501721)
 dirty (0.5,0) (-0.5,0) (2.5,-9.26404e-10) (3.5,9.26404e-10) (-3.5,-9.26404e-10) (-2.5,9.26404e-10)

 base=(2 2)  2I=(+1 +3 +1 -1) 
 guess-2J=(+1 +3 +12 +12 )
 conv 5.10066e-21
 iter 83
 roots (0.0801333,0) (0.278483,0) (0.435962,0.500257) (0.435962,-0.500257) (-0.61527,0.502996) (-0.61527,-0.502996)
 dirty (0.5,0) (1.5,0) (2.5,2.14839e-10) (3.5,-2.14839e-10) (-3.5,3.62221e-11) (-2.5,-3.62221e-11)

 base=(2 2)  2I=(-1 +3 +1 -1) 
 guess-2J=(-1 +3 +12 +12 )
 conv 9.43714e-21
 iter 63
 roots (-0.0854764,0) (0.278183,0) (0.488347,0.500633) (0.488347,-0.500633) (-0.5847,0.502225) (-0.5847,-0.502225)
 dirty (-0.5,0) (1.5,0) (2.5,2.34574e-10) (3.5,-2.34574e-10) (-3.5,7.38451e-11) (-2.5,-7.38451e-11)

 base=(2 2)  2I=(+1 -3 +1 -1) 
 guess-2J=(+1 -3 +12 +12 )
 conv 9.43713e-21
 iter 63
 roots (0.0854764,0) (-0.278183,0) (0.5847,0.502225) (0.5847,-0.502225) (-0.488347,0.500633) (-0.488347,-0.500633)
 dirty (0.5,0) (-1.5,0) (2.5,7.38459e-11) (3.5,-7.38459e-11) (-3.5,2.34573e-10) (-2.5,-2.34573e-10)

 base=(2 2)  2I=(-1 -3 +1 -1) 
 guess-2J=(-1 -3 +12 +12 )
 conv 5.10065e-21
 iter 83
 roots (-0.0801333,0) (-0.278483,0) (0.61527,0.502996) (0.61527,-0.502996) (-0.435962,0.500257) (-0.435962,-0.500257)
 dirty (-0.5,0) (-1.5,0) (2.5,3.62223e-11) (3.5,-3.62223e-11) (-3.5,2.14838e-10) (-2.5,-2.14838e-10)

 base=(2 2)  2I=(+3 -3 +1 -1) 
 guess-2J=(+3 -3 +12 +12 )
 conv 6.06681e-21
 iter 35
 roots (0.279477,0) (-0.279477,0) (0.519954,0.50099) (0.519954,-0.50099) (-0.519954,0.50099) (-0.519954,-0.50099)
 dirty (1.5,0) (-1.5,0) (2.5,6.94602e-09) (3.5,-6.94602e-09) (-3.5,6.94602e-09) (-2.5,-6.94602e-09)

 base=(2 2)  2I=(+1 +5 +1 -1) 
 guess-2J=(+1 +5 +12 +12 )
 conv 9.276e-21
 iter 62
 roots (0.086096,0) (0.697994,0) (0.229098,0.5) (0.229098,-0.5) (-0.621143,0.503184) (-0.621143,-0.503184)
 dirty (0.5,0) (2.5,0) (2.5,6.45382e-10) (3.5,-6.45382e-10) (-3.5,4.65401e-11) (-2.5,-4.65401e-11)

 base=(2 2)  2I=(-1 +5 +1 -1) 
 guess-2J=(-1 +5 +12 +12 )
 conv 7.16895e-21
 iter 60
 roots (-0.083647,0) (0.696912,0) (0.288091,0.500003) (0.288091,-0.500003) (-0.594723,0.502471) (-0.594723,-0.502471)
 dirty (-0.5,0) (2.5,0) (2.5,3.98291e-10) (3.5,-3.98291e-10) (-3.5,4.62878e-11) (-2.5,-4.62878e-11)

 base=(2 2)  2I=(+3 +5 +1 -1) 
 guess-2J=(+3 +5 +12 +12 )
 conv 4.25798e-21
 iter 58
 roots (0.292923,0) (0.694805,0) (0.140473,0.5) (0.140473,-0.5) (-0.634337,0.503594) (-0.634337,-0.503594)
 dirty (1.5,0) (2.5,0) (2.5,1.02409e-08) (3.5,-1.02409e-08) (-3.5,3.45387e-11) (-2.5,-3.45387e-11)

 base=(2 2)  2I=(-3 +5 +1 -1) 
 guess-2J=(-3 +5 +12 +12 )
 conv 6.49302e-21
 iter 62
 roots (-0.278879,0) (0.696765,0) (0.326252,0.50001) (0.326252,-0.50001) (-0.535195,0.501212) (-0.535195,-0.501212)
 dirty (-1.5,0) (2.5,0) (2.5,3.047e-10) (3.5,-3.047e-10) (-3.5,8.14632e-11) (-2.5,-8.14632e-11)

 base=(2 2)  2I=(+1 -5 +1 -1) 
 guess-2J=(+1 -5 +12 +12 )
 conv 7.16894e-21
 iter 60
 roots (0.083647,0) (-0.696912,0) (0.594723,0.502471) (0.594723,-0.502471) (-0.288091,0.500003) (-0.288091,-0.500003)
 dirty (0.5,0) (-2.5,0) (2.5,4.62884e-11) (3.5,-4.62884e-11) (-3.5,3.9829e-10) (-2.5,-3.9829e-10)

 base=(2 2)  2I=(-1 -5 +1 -1) 
 guess-2J=(-1 -5 +12 +12 )
 conv 9.27598e-21
 iter 62
 roots (-0.086096,0) (-0.697994,0) (0.621143,0.503184) (0.621143,-0.503184) (-0.229098,0.5) (-0.229098,-0.5)
 dirty (-0.5,0) (-2.5,0) (2.5,4.65399e-11) (3.5,-4.65399e-11) (-3.5,6.4538e-10) (-2.5,-6.4538e-10)

 base=(2 2)  2I=(+3 -5 +1 -1) 
 guess-2J=(+3 -5 +12 +12 )
 conv 6.49301e-21
 iter 62
 roots (0.278879,0) (-0.696765,0) (0.535195,0.501212) (0.535195,-0.501212) (-0.326252,0.50001) (-0.326252,-0.50001)
 dirty (1.5,0) (-2.5,0) (2.5,8.14633e-11) (3.5,-8.14633e-11) (-3.5,3.04698e-10) (-2.5,-3.04698e-10)

 base=(2 2)  2I=(-3 -5 +1 -1) 
 guess-2J=(-3 -5 +12 +12 )
 conv 4.25798e-21
 iter 58
 roots (-0.292923,0) (-0.694805,0) (0.634337,0.503594) (0.634337,-0.503594) (-0.140473,0.5) (-0.140473,-0.5)
 dirty (-1.5,0) (-2.5,0) (2.5,3.45388e-11) (3.5,-3.45388e-11) (-3.5,1.02409e-08) (-2.5,-1.02409e-08)

 base=(2 2)  2I=(+5 -5 +1 -1) 
 guess-2J=(+5 -5 +12 +12 )
 conv 6.26267e-21
 iter 36
 roots (0.695172,0) (-0.695172,0) (0.347918,0.500019) (0.347918,-0.500019) (-0.347918,0.500019) (-0.347918,-0.500019)
 dirty (2.5,0) (-2.5,0) (2.5,4.4459e-10) (3.5,-4.4459e-10) (-3.5,4.4459e-10) (-2.5,-4.4459e-10)
15 states scanned
0 not converged: 

 base=(0 3)  2I=( +0 +2 -2) 
 guess-2J=(+12 +12 +12 )
 conv 2.63565e-21
 iter 31
 roots (0,0.5) (-0,-0.5) (0.662024,0.504517) (0.662024,-0.504517) (-0.662024,0.504517) (-0.662024,-0.504517)
 dirty (2.5,0) (-2.5,0) (2.5,3.91454e-10) (3.5,-3.91454e-10) (-3.5,3.91454e-10) (-2.5,-3.91454e-10)
1 states scanned
0 not converged: 

 base=(3 0 1)  2I=(+0 +2 -2  +0) 
 guess-2J=(-1 +1 -1 +23 )
 conv 8.65717e-21
 iter 60
 roots (-0.247536,0) (0.247536,0) (-0.247536,0) (0.247536,0) (0,1.50391) (0,0) (-0,-1.50391)
 dirty (-0.5,0) (0.5,0) (-0.5,0) (0.5,0) (5,-3.17568e-11) (0,0) (-5,3.17568e-11)

 base=(3 0 1)  2I=(+0 +2 +4  +0) 
 guess-2J=(-1 +1 +3 +25 )
 conv 9.12037e-21
 iter 81
 roots (-0.0122429,0) (0.153156,0) (0.368118,0) (-0.167622,0.999361) (-0.173788,0) (-0.167622,-0.999361)
 dirty (-0.5,0) (0.5,0) (1.5,0) (-5.5,-6.51039e-11) (-0.5,0) (-4.5,6.5104e-11)

 base=(3 0 1)  2I=(+0 -2 +4  +0) 
 guess-2J=(-1 -1 +3 +23 )
 conv 8.30297e-21
 iter 103
 roots (0.0148745,0) (-0.187598,0) (0.385674,0) (-0.0688283,1.03354) (-0.0752938,0) (-0.0688283,-1.03354)
 dirty (-0.5,0) (-0.5,0) (1.5,0) (-6.5,2.35741e-11) (0.5,0) (-5.5,-2.3574e-11)

 base=(3 0 1)  2I=(+2 -2 +4  +0) 
 guess-2J=(+1 -1 +3 +25 )
 conv 6.43245e-21
 iter 72
 roots (0.160123,0) (-0.187597,0) (0.37564,0) (-0.118265,1.01462) (-0.111636,0) (-0.118265,-1.01462)
 dirty (0.5,0) (-0.5,0) (1.5,0) (-5.5,-1.50809e-10) (-1.5,0) (-4.5,1.50809e-10)

 base=(3 0 1)  2I=(+0 +2 -4  +0) 
 guess-2J=(-1 +1 -3 +23 )
 conv 8.30304e-21
 iter 103
 roots (-0.0148745,0) (0.187598,0) (-0.385674,0) (0.0688283,1.03354) (0.0752938,0) (0.0688283,-1.03354)
 dirty (0.5,0) (0.5,0) (-1.5,0) (5.5,2.35745e-11) (-0.5,0) (6.5,-2.35744e-11)

 base=(3 0 1)  2I=(+0 -2 -4  +0) 
 guess-2J=(-1 -1 -3 +21 )
 conv 9.12036e-21
 iter 81
 roots (0.0122429,0) (-0.153156,0) (-0.368118,0) (0.167622,0.999361) (0.173788,0) (0.167622,-0.999361)
 dirty (0.5,0) (-0.5,0) (-1.5,0) (4.5,-6.51042e-11) (0.5,0) (5.5,6.51043e-11)

 base=(3 0 1)  2I=(+2 -2 -4  +0) 
 guess-2J=(+1 -1 -3 +23 )
 conv 6.43246e-21
 iter 72
 roots (0.187597,0) (-0.160123,0) (-0.37564,0) (0.118265,1.01462) (0.111636,0) (0.118265,-1.01462)
 dirty (0.5,0) (-0.5,0) (-1.5,0) (4.5,-1.50809e-10) (1.5,0) (5.5,1.50809e-10)

 base=(3 0 1)  2I=(+0 +4 -4  +0) 
 guess-2J=(-1 +3 -3 +23 )
 conv 2.33001e-21
 iter 65
 roots (-0.19533,0) (0.433008,0) (-0.433008,0) (0.19533,0) (0,1.0692) (0,0) (-0,-1.0692)
 dirty (-0.5,0) (1.5,0) (-1.5,0) (0.5,0) (5,-1.36038e-10) (0,0) (-5,1.36038e-10)

 base=(3 0 1)  2I=(+2 +4 -4  +0) 
 guess-2J=(+1 +3 -3 +25 )
 conv 8.97636e-21
 iter 72
 roots (0.162067,0) (0.378411,0) (-0.389701,0) (-0.0495988,1.00272) (-0.0515795,0) (-0.0495988,-1.00272)
 dirty (0.5,0) (1.5,0) (-1.5,0) (-6.5,-2.74935e-11) (0.5,0) (-5.5,2.74936e-11)

 base=(3 0 1)  2I=(-2 +4 -4  +0) 
 guess-2J=(-1 +3 -3 +23 )
 conv 8.97636e-21
 iter 72
 roots (-0.162067,0) (0.389701,0) (-0.378411,0) (0.0495988,1.00272) (0.0515795,0) (0.0495988,-1.00272)
 dirty (-0.5,0) (1.5,0) (-1.5,0) (5.5,-2.74936e-11) (-0.5,0) (6.5,2.74936e-11)

 base=(3 0 1)  2I=(+0 +2 +6  +0) 
 guess-2J=(-1 +1 +5 +25 )
 conv 5.10787e-21
 iter 53
 roots (-0.0165972,0) (0.144978,0) (0.775207,0) (-0.301552,1.00395) (-0.300483,0) (-0.301552,-1.00395)
 dirty (-0.5,0) (0.5,0) (2.5,0) (-4.5,-2.19207e-11) (-2.5,0) (-3.5,2.19207e-11)

 base=(3 0 1)  2I=(+0 -2 +6  +0) 
 guess-2J=(-1 -1 +5 +23 )
 conv 9.47934e-21
 iter 70
 roots (-0.00481515,0) (-0.154716,0) (0.799635,0) (-0.207524,1.01958) (-0.225055,0) (-0.207524,-1.01958)
 dirty (-0.5,0) (-1.5,0) (2.5,0) (-5.5,-1.41402e-10) (-0.5,0) (-4.5,1.41402e-10)

 base=(3 0 1)  2I=(+2 -2 +6  +0) 
 guess-2J=(+1 -1 +5 +25 )
 conv 4.63971e-21
 iter 58
 roots (0.150006,0) (-0.171219,0) (0.78559,0) (-0.253698,1.01079) (-0.256981,0) (-0.253698,-1.01079)
 dirty (0.5,0) (-1.5,0) (2.5,0) (-5.5,8.1116e-11) (-0.5,0) (-4.5,-8.1116e-11)

 base=(3 0 1)  2I=(+0 +4 +6  +0) 
 guess-2J=(-1 +3 +5 +25 )
 conv 3.55574e-21
 iter 51
 roots (-0.0212964,0) (0.341357,0) (0.753893,0) (-0.358992,1.00219) (-0.35597,0) (-0.358992,-1.00219)
 dirty (-0.5,0) (1.5,0) (2.5,0) (-4.5,-3.53502e-11) (-2.5,0) (-3.5,3.53502e-11)

 base=(3 0 1)  2I=(+2 +4 +6  +0) 
 guess-2J=(+1 +3 +5 +27 )
 conv 7.70765e-21
 iter 47
 roots (0.134554,0) (0.335074,0) (0.741262,0) (-0.404753,1.00049) (-0.401384,0) (-0.404753,-1.00049)
 dirty (0.5,0) (1.5,0) (2.5,0) (-4.5,-7.1797e-11) (-2.5,0) (-3.5,7.1797e-11)

 base=(3 0 1)  2I=(-2 +4 +6  +0) 
 guess-2J=(-1 +3 +5 +25 )
 conv 9.70084e-21
 iter 53
 roots (-0.179736,0) (0.346982,0) (0.763799,0) (-0.311229,1.00633) (-0.308586,0) (-0.311229,-1.00633)
 dirty (-1.5,0) (1.5,0) (2.5,0) (-4.5,3.00482e-11) (-2.5,0) (-3.5,-3.00482e-11)

 base=(3 0 1)  2I=(+0 -4 +6  +0) 
 guess-2J=(-1 -3 +5 +23 )
 conv 8.30735e-21
 iter 64
 roots (-0.00396775,0) (-0.386884,0) (0.804106,0) (-0.139101,1.00284) (-0.135051,0) (-0.139101,-1.00284)
 dirty (-0.5,0) (-1.5,0) (2.5,0) (-5.5,-3.48875e-12) (-1.5,0) (-4.5,3.48872e-12)

 base=(3 0 1)  2I=(+2 -4 +6  +0) 
 guess-2J=(+1 -3 +5 +25 )
 conv 6.38545e-21
 iter 64
 roots (0.152886,0) (-0.390289,0) (0.791371,0) (-0.185634,0.999489) (-0.1827,0) (-0.185634,-0.999489)
 dirty (0.5,0) (-1.5,0) (2.5,0) (-5.5,-9.28175e-11) (-1.5,0) (-4.5,9.28175e-11)

 base=(3 0 1)  2I=(-2 -4 +6  +0) 
 guess-2J=(-1 -3 +5 +23 )
 conv 8.60328e-21
 iter 83
 roots (-0.16001,0) (-0.378245,0) (0.810941,0) (-0.0904613,0.994162) (-0.0917636,0) (-0.0904613,-0.994162)
 dirty (-0.5,0) (-1.5,0) (2.5,0) (-6.5,-2.6105e-10) (-0.5,0) (-5.5,2.6105e-10)

 base=(3 0 1)  2I=(+4 -4 +6  +0) 
 guess-2J=(+3 -3 +5 +25 )
 conv 4.65699e-21
 iter 64
 roots (0.351,0) (-0.392502,0) (0.770264,0) (-0.243459,0.996915) (-0.241843,0) (-0.243459,-0.996915)
 dirty (1.5,0) (-1.5,0) (2.5,0) (-5.5,-1.26922e-10) (-1.5,0) (-4.5,1.26922e-10)

 base=(3 0 1)  2I=(+0 +2 -6  +0) 
 guess-2J=(-1 +1 -5 +23 )
 conv 9.47936e-21
 iter 70
 roots (0.00481515,0) (0.154716,0) (-0.799635,0) (0.207524,1.01958) (0.225055,0) (0.207524,-1.01958)
 dirty (0.5,0) (1.5,0) (-2.5,0) (4.5,-1.41402e-10) (0.5,0) (5.5,1.41402e-10)

 base=(3 0 1)  2I=(+0 -2 -6  +0) 
 guess-2J=(-1 -1 -5 +21 )
 conv 5.10786e-21
 iter 53
 roots (0.0165972,0) (-0.144978,0) (-0.775207,0) (0.301552,1.00395) (0.300483,0) (0.301552,-1.00395)
 dirty (0.5,0) (-0.5,0) (-2.5,0) (3.5,-2.19204e-11) (2.5,0) (4.5,2.19204e-11)

 base=(3 0 1)  2I=(+2 -2 -6  +0) 
 guess-2J=(+1 -1 -5 +23 )
 conv 4.63971e-21
 iter 58
 roots (0.171219,0) (-0.150006,0) (-0.78559,0) (0.253698,1.01079) (0.256981,0) (0.253698,-1.01079)
 dirty (1.5,0) (-0.5,0) (-2.5,0) (4.5,8.11159e-11) (0.5,0) (5.5,-8.11159e-11)

 base=(3 0 1)  2I=(+0 +4 -6  +0) 
 guess-2J=(-1 +3 -5 +23 )
 conv 8.30735e-21
 iter 64
 roots (0.00396775,0) (0.386884,0) (-0.804106,0) (0.139101,1.00284) (0.135051,0) (0.139101,-1.00284)
 dirty (0.5,0) (1.5,0) (-2.5,0) (4.5,-3.48875e-12) (1.5,0) (5.5,3.48872e-12)

 base=(3 0 1)  2I=(+2 +4 -6  +0) 
 guess-2J=(+1 +3 -5 +25 )
 conv 8.60327e-21
 iter 83
 roots (0.16001,0) (0.378245,0) (-0.810941,0) (0.0904613,0.994162) (0.0917636,0) (0.0904613,-0.994162)
 dirty (0.5,0) (1.5,0) (-2.5,0) (5.5,-2.6105e-10) (0.5,0) (6.5,2.6105e-10)

 base=(3 0 1)  2I=(-2 +4 -6  +0) 
 guess-2J=(-1 +3 -5 +23 )
 conv 6.38545e-21
 iter 64
 roots (-0.152886,0) (0.390289,0) (-0.791371,0) (0.185634,0.999489) (0.1827,0) (0.185634,-0.999489)
 dirty (-0.5,0) (1.5,0) (-2.5,0) (4.5,-9.28159e-11) (1.5,0) (5.5,9.28159e-11)

 base=(3 0 1)  2I=(+0 -4 -6  +0) 
 guess-2J=(-1 -3 -5 +21 )
 conv 3.55575e-21
 iter 51
 roots (0.0212964,0) (-0.341357,0) (-0.753893,0) (0.358992,1.00219) (0.35597,0) (0.358992,-1.00219)
 dirty (0.5,0) (-1.5,0) (-2.5,0) (3.5,-3.53502e-11) (2.5,0) (4.5,3.53502e-11)

 base=(3 0 1)  2I=(+2 -4 -6  +0) 
 guess-2J=(+1 -3 -5 +23 )
 conv 9.70084e-21
 iter 53
 roots (0.179736,0) (-0.346982,0) (-0.763799,0) (0.311229,1.00633) (0.308586,0) (0.311229,-1.00633)
 dirty (1.5,0) (-1.5,0) (-2.5,0) (3.5,3.00482e-11) (2.5,0) (4.5,-3.00482e-11)

 base=(3 0 1)  2I=(-2 -4 -6  +0) 
 guess-2J=(-1 -3 -5 +21 )
 conv 7.70767e-21
 iter 47
 roots (-0.134554,0) (-0.335074,0) (-0.741262,0) (0.404753,1.00049) (0.401384,0) (0.404753,-1.00049)
 dirty (-0.5,0) (-1.5,0) (-2.5,0) (3.5,-7.17972e-11) (2.5,0) (4.5,7.17971e-11)

 base=(3 0 1)  2I=(+4 -4 -6  +0) 
 guess-2J=(+3 -3 -5 +23 )
 conv 4.657e-21
 iter 64
 roots (0.392502,0) (-0.351,0) (-0.770264,0) (0.243459,0.996915) (0.241843,0) (0.243459,-0.996915)
 dirty (1.5,0) (-1.5,0) (-2.5,0) (4.5,-1.26922e-10) (1.5,0) (5.5,1.26922e-10)

 base=(3 0 1)  2I=(+0 +6 -6  +0) 
 guess-2J=(-1 +5 -5 +23 )
 conv 8.87292e-21
 iter 30
 roots (-0.170411,0) (1.02403,0) (-1.02403,0) (0.170411,0) (0,1.0087) (0,0) (-0,-1.0087)
 dirty (-0.5,0) (2.5,0) (-2.5,0) (0.5,0) (5,-8.71265e-10) (0,0) (-5,8.71265e-10)

 base=(3 0 1)  2I=(+2 +6 -6  +0) 
 guess-2J=(+1 +5 -5 +25 )
 conv 4.21728e-21
 iter 49
 roots (0.156922,0) (0.793458,0) (-0.812366,0) (-0.0458198,1.00065) (-0.0463745,0) (-0.0458198,-1.00065)
 dirty (0.5,0) (2.5,0) (-2.5,0) (-6.5,-2.74019e-11) (0.5,0) (-5.5,2.74018e-11)

 base=(3 0 1)  2I=(-2 +6 -6  +0) 
 guess-2J=(-1 +5 -5 +23 )
 conv 4.21728e-21
 iter 49
 roots (-0.156922,0) (0.812366,0) (-0.793458,0) (0.0458198,1.00065) (0.0463745,0) (0.0458198,-1.00065)
 dirty (-0.5,0) (2.5,0) (-2.5,0) (5.5,-2.74019e-11) (-0.5,0) (6.5,2.74018e-11)

 base=(3 0 1)  2I=(+4 +6 -6  +0) 
 guess-2J=(+3 +5 -5 +25 )
 conv 7.04481e-21
 iter 44
 roots (0.354908,0) (0.773766,0) (-0.817478,0) (-0.103786,1.00044) (-0.103624,0) (-0.103786,-1.00044)
 dirty (1.5,0) (2.5,0) (-2.5,0) (-5.5,-2.74632e-11) (-1.5,0) (-4.5,2.74633e-11)

 base=(3 0 1)  2I=(-4 +6 -6  +0) 
 guess-2J=(-3 +5 -5 +23 )
 conv 7.04481e-21
 iter 44
 roots (-0.354908,0) (0.817478,0) (-0.773766,0) (0.103786,1.00044) (0.103624,0) (0.103786,-1.00044)
 dirty (-1.5,0) (2.5,0) (-2.5,0) (4.5,-2.74632e-11) (1.5,0) (5.5,2.74633e-11)
35 states scanned
0 not converged: 

 base=(1 1 1)  2I=(+0 +0 +0) 
 guess-2J=(-1 +10 +21 )
 conv 2.71727e-21
 iter 23
 roots (-0.179039,0) (0.179039,0) (0,0.5) (-0,-0.5) (0,0.98402) (0,0) (-0,-0.98402)
 dirty (-0.5,0) (0.5,0) (3,0) (-3,0) (5,1.70523e-10) (0,0) (-5,-1.70523e-10)

 base=(1 1 1)  2I=(+2 +0 +0) 
 guess-2J=(+1 +10 +23 )
 conv 9.44219e-21
 iter 342
 roots (0.174584,0) (-0.0694135,0.5) (-0.0694135,-0.5) (-0.0124998,0.999589) (-0.0107571,0) (-0.0124998,-0.999589)
 dirty (0.5,0) (-2.5,2.19577e-05) (-2.5,-2.19577e-05) (-6.5,5.47923e-11) (-0.5,0) (-5.5,-5.47923e-11)

 base=(1 1 1)  2I=(-2 +0 +0) 
 guess-2J=(-1 +10 +21 )
 conv 9.44219e-21
 iter 342
 roots (-0.174584,0) (0.0694135,0.5) (0.0694135,-0.5) (0.0124998,0.999589) (0.0107571,0) (0.0124998,-0.999589)
 dirty (-0.5,0) (2.5,2.19577e-05) (2.5,-2.19577e-05) (5.5,5.47923e-11) (0.5,0) (6.5,-5.47923e-11)

 base=(1 1 1)  2I=(+4 +0 +0) 
 guess-2J=(+3 +10 +23 )
 conv 9.68158e-21
 iter 251
 roots (0.396814,0) (-0.108473,0.5) (-0.108473,-0.5) (-0.0600706,0.999273) (-0.0597263,0) (-0.0600706,-0.999273)
 dirty (1.5,0) (-2.5,1.55107e-07) (-2.5,-1.55107e-07) (-6.5,-1.12415e-11) (-0.5,0) (-5.5,1.12415e-11)

 base=(1 1 1)  2I=(-4 +0 +0) 
 guess-2J=(-3 +10 +21 )
 conv 9.68159e-21
 iter 251
 roots (-0.396814,0) (0.108473,0.5) (0.108473,-0.5) (0.0600706,0.999273) (0.0597263,0) (0.0600706,-0.999273)
 dirty (-1.5,0) (2.5,1.55107e-07) (2.5,-1.55107e-07) (5.5,-1.12415e-11) (0.5,0) (6.5,1.12415e-11)

 base=(1 1 1)  2I=(+6 +0 +0) 
 guess-2J=(+5 +10 +23 )
 conv 9.45329e-21
 iter 171
 roots (0.830216,0) (-0.105784,0.5) (-0.105784,-0.5) (-0.205976,1.00039) (-0.206696,0) (-0.205976,-1.00039)
 dirty (2.5,0) (-3.5,1.49589e-07) (-3.5,-1.49589e-07) (-5.5,7.32203e-11) (-0.5,0) (-4.5,-7.32205e-11)

 base=(1 1 1)  2I=(-6 +0 +0) 
 guess-2J=(-5 +10 +21 )
 conv 9.45329e-21
 iter 171
 roots (-0.830216,0) (0.105784,0.5) (0.105784,-0.5) (0.205976,1.00039) (0.206696,0) (0.205976,-1.00039)
 dirty (-2.5,0) (3.5,1.49589e-07) (3.5,-1.49589e-07) (4.5,7.32197e-11) (0.5,0) (5.5,-7.32199e-11)

 base=(1 1 1)  2I=(+0 +2 +0) 
 guess-2J=(-1 +12 +25 )
 conv 5.84882e-21
 iter 48
 roots (-0.0350446,0) (0.719763,0.506142) (0.719763,-0.506142) (-0.469417,0.998097) (-0.465647,0) (-0.469417,-0.998097)
 dirty (-0.5,0) (2.5,-4.66927e-11) (3.5,4.66927e-11) (-4.5,-6.05505e-11) (-2.5,0) (-3.5,6.05504e-11)

 base=(1 1 1)  2I=(+2 +2 +0) 
 guess-2J=(+1 +12 +27 )
 conv 5.28822e-21
 iter 47
 roots (0.117252,0) (0.692844,0.505152) (0.692844,-0.505152) (-0.502002,0.99725) (-0.498936,0) (-0.502002,-0.99725)
 dirty (0.5,0) (2.5,-5.28237e-11) (3.5,5.28237e-11) (-4.5,-6.25545e-11) (-2.5,0) (-3.5,6.25547e-11)

 base=(1 1 1)  2I=(-2 +2 +0) 
 guess-2J=(-1 +12 +25 )
 conv 4.75508e-21
 iter 52
 roots (-0.193874,0) (0.738693,0.506832) (0.738693,-0.506832) (-0.429606,0.999413) (-0.4243,0) (-0.429606,-0.999413)
 dirty (-1.5,0) (2.5,-3.82024e-11) (3.5,3.82024e-11) (-4.5,-3.2785e-11) (-2.5,0) (-3.5,3.2785e-11)

 base=(1 1 1)  2I=(+4 +2 +0) 
 guess-2J=(+3 +12 +27 )
 conv 6.56449e-21
 iter 49
 roots (0.303681,0) (0.641278,0.50335) (0.641278,-0.50335) (-0.529579,0.996605) (-0.527081,0) (-0.529579,-0.996605)
 dirty (1.5,0) (2.5,-8.83458e-11) (3.5,8.83458e-11) (-4.5,-6.39586e-11) (-2.5,0) (-3.5,6.39584e-11)

 base=(1 1 1)  2I=(-4 +2 +0) 
 guess-2J=(-3 +12 +25 )
 conv 9.36496e-21
 iter 144
 roots (-0.381646,0) (0.750252,0.507192) (0.750252,-0.507192) (-0.357593,0.993185) (-0.381646,0) (-0.357593,-0.993185)
 dirty (-1.5,0) (2.5,2.71961e-11) (3.5,-2.71962e-11) (-5.5,3.73304e-10) (-1.5,0) (-4.5,-3.73304e-10)

 base=(1 1 1)  2I=(+6 +2 +0) 
 guess-2J=(+5 +12 +27 )
 conv 7.01747e-21
 iter 60
 roots (0.715322,0) (0.458106,0.500178) (0.458106,-0.500178) (-0.544557,0.996392) (-0.542419,0) (-0.544557,-0.996392)
 dirty (2.5,0) (2.5,-2.06799e-10) (3.5,2.06799e-10) (-4.5,-3.1286e-11) (-2.5,0) (-3.5,3.12859e-11)

 base=(1 1 1)  2I=(-6 +2 +0) 
 guess-2J=(-5 +12 +25 )
 conv 5.71772e-21
 iter 50
 roots (-0.828891,0) (0.760562,0.507453) (0.760562,-0.507453) (-0.230833,0.999671) (-0.230567,0) (-0.230833,-0.999671)
 dirty (-2.5,0) (2.5,3.69021e-11) (3.5,-3.69021e-11) (-5.5,8.14229e-11) (-1.5,0) (-4.5,-8.14228e-11)

 base=(1 1 1)  2I=(+0 -2 +0) 
 guess-2J=(-1 +12 +21 )
 conv 5.84881e-21
 iter 48
 roots (0.0350446,0) (-0.719763,0.506142) (-0.719763,-0.506142) (0.469417,0.998097) (0.465647,0) (0.469417,-0.998097)
 dirty (0.5,0) (-3.5,-4.66923e-11) (-2.5,4.66923e-11) (3.5,-6.05505e-11) (2.5,0) (4.5,6.05504e-11)

 base=(1 1 1)  2I=(+2 -2 +0) 
 guess-2J=(+1 +12 +23 )
 conv 4.75507e-21
 iter 52
 roots (0.193874,0) (-0.738693,0.506832) (-0.738693,-0.506832) (0.429606,0.999413) (0.4243,0) (0.429606,-0.999413)
 dirty (1.5,0) (-3.5,-3.82027e-11) (-2.5,3.82026e-11) (3.5,-3.27853e-11) (2.5,0) (4.5,3.27853e-11)

 base=(1 1 1)  2I=(-2 -2 +0) 
 guess-2J=(-1 +12 +21 )
 conv 5.28821e-21
 iter 47
 roots (-0.117252,0) (-0.692844,0.505152) (-0.692844,-0.505152) (0.502002,0.99725) (0.498936,0) (0.502002,-0.99725)
 dirty (-0.5,0) (-3.5,-5.2824e-11) (-2.5,5.2824e-11) (3.5,-6.25536e-11) (2.5,0) (4.5,6.25537e-11)

 base=(1 1 1)  2I=(+4 -2 +0) 
 guess-2J=(+3 +12 +23 )
 conv 9.36458e-21
 iter 144
 roots (0.381646,0) (-0.750252,0.507192) (-0.750252,-0.507192) (0.357593,0.993185) (0.381646,0) (0.357593,-0.993185)
 dirty (1.5,0) (-3.5,2.71952e-11) (-2.5,-2.71952e-11) (4.5,3.73311e-10) (1.5,0) (5.5,-3.73311e-10)

 base=(1 1 1)  2I=(-4 -2 +0) 
 guess-2J=(-3 +12 +21 )
 conv 6.5645e-21
 iter 49
 roots (-0.303681,0) (-0.641278,0.50335) (-0.641278,-0.50335) (0.529579,0.996605) (0.527081,0) (0.529579,-0.996605)
 dirty (-1.5,0) (-3.5,-8.8346e-11) (-2.5,8.8346e-11) (3.5,-6.39583e-11) (2.5,0) (4.5,6.39584e-11)

 base=(1 1 1)  2I=(+6 -2 +0) 
 guess-2J=(+5 +12 +23 )
 conv 5.71773e-21
 iter 50
 roots (0.828891,0) (-0.760562,0.507453) (-0.760562,-0.507453) (0.230833,0.999671) (0.230567,0) (0.230833,-0.999671)
 dirty (2.5,0) (-3.5,3.69019e-11) (-2.5,-3.69019e-11) (4.5,8.14229e-11) (1.5,0) (5.5,-8.14228e-11)

 base=(1 1 1)  2I=(-6 -2 +0) 
 guess-2J=(-5 +12 +21 )
 conv 7.01747e-21
 iter 60
 roots (-0.715322,0) (-0.458106,0.500178) (-0.458106,-0.500178) (0.544557,0.996392) (0.542419,0) (0.544557,-0.996392)
 dirty (-2.5,0) (-3.5,-2.068e-10) (-2.5,2.068e-10) (3.5,-3.12858e-11) (2.5,0) (4.5,3.12858e-11)
21 states scanned
0 not converged: 

 base=(0 0 2)  2I=(  +1 -1) 
 guess-2J=(+21 +27 )
 conv 8.45824e-21
 iter 40
 roots (0.676245,0.993633) (0.678017,0) (0.676245,-0.993633) (-0.676245,0.993633) (-0.678017,-0) (-0.676245,-0.993633)
 dirty (3.5,-4.2092e-10) (2.5,0) (4.5,4.2092e-10) (-4.5,-4.20919e-10) (-2.5,0) (-3.5,4.20919e-10)
1 states scanned
0 not converged: 

 base=(2 0 0 1)  2I=(+1 -1   +0) 
 guess-2J=(-1 +1 +36 )
 conv 7.92645e-21
 iter 38
 roots (-0.245541,0) (0.245541,0) (0,1.5729) (0,0.5) (-0,-0.5) (-0,-1.5729)
 dirty (-0.5,0) (0.5,0) (4.5,-1.59022e-10) (2.5,0) (-2.5,0) (-4.5,1.59022e-10)

 base=(2 0 0 1)  2I=(+1 +3   +0) 
 guess-2J=(-1 +1 +40 )
 conv 9.94962e-21
 iter 46
 roots (0.0677194,0) (0.235621,0) (-0.0691434,1.57453) (-0.0825268,0.5) (-0.0825268,-0.5) (-0.0691434,-1.57453)
 dirty (-0.5,0) (0.5,-3.53395e-17) (-6.5,1.06727e-11) (-2.5,-7.32367e-05) (-1.5,7.32367e-05) (-5.5,-1.06727e-11)

 base=(2 0 0 1)  2I=(-1 +3   +0) 
 guess-2J=(+1 +1 +36 )
 conv 5.67112e-21
 iter 44
 roots (-0.0808134,0) (0.240884,0) (-0.0367198,1.57834) (-0.0433154,0.5) (-0.0433154,-0.5) (-0.0367198,-1.57834)
 dirty (0.5,3.53395e-17) (0.5,3.53395e-17) (-7.5,3.64794e-12) (-nan,-inf) (-nan,inf) (-6.5,-3.64788e-12)

 base=(2 0 0 1)  2I=(+1 -3   +0) 
 guess-2J=(-1 -1 +36 )
 conv 5.67112e-21
 iter 44
 roots (0.0808134,0) (-0.240884,0) (0.0367198,1.57834) (0.0433154,0.5) (0.0433154,-0.5) (0.0367198,-1.57834)
 dirty (-0.5,0) (-0.5,0) (6.5,3.6478e-12) (-nan,-inf) (-nan,inf) (7.5,-3.64774e-12)

 base=(2 0 0 1)  2I=(-1 -3   +0) 
 guess-2J=(+1 -1 +32 )
 conv 9.94962e-21
 iter 46
 roots (-0.0677194,0) (-0.235621,0) (0.0691434,1.57453) (0.0825268,0.5) (0.0825268,-0.5) (0.0691434,-1.57453)
 dirty (0.5,-3.53395e-17) (-0.5,0) (5.5,1.06728e-11) (1.5,-7.32367e-05) (2.5,7.32367e-05) (6.5,-1.06727e-11)

 base=(2 0 0 1)  2I=(+3 -3   +0) 
 guess-2J=(+1 -1 +36 )
 conv 7.92645e-21
 iter 38
 roots (0.245541,0) (-0.245541,0) (0,1.5729) (0,0.5) (-0,-0.5) (-0,-1.5729)
 dirty (0.5,0) (-0.5,0) (4.5,-1.59022e-10) (2.5,0) (-2.5,0) (-4.5,1.59022e-10)

 base=(2 0 0 1)  2I=(+1 +5   +0) 
 guess-2J=(-1 +3 +40 )
 conv 9.46521e-21
 iter 46
 roots (0.0604593,0) (0.457645,0) (-0.125185,1.55899) (-0.133867,0.5) (-0.133867,-0.5) (-0.125185,-1.55899)
 dirty (-0.5,0) (1.5,0) (-6.5,-6.93702e-12) (-2.5,-2.99886e-07) (-1.5,2.99886e-07) (-5.5,6.937e-12)

 base=(2 0 0 1)  2I=(-1 +5   +0) 
 guess-2J=(+1 +3 +36 )
 conv 4.37598e-21
 iter 46
 roots (-0.0864968,0) (0.46534,0) (-0.0925001,1.56273) (-0.0969212,0.5) (-0.0969212,-0.5) (-0.0925001,-1.56273)
 dirty (-1.5,0) (1.5,0) (-6.5,-1.73043e-12) (-2.5,3.87244e-06) (-1.5,-3.87244e-06) (-5.5,1.73036e-12)

 base=(2 0 0 1)  2I=(+3 +5   +0) 
 guess-2J=(+1 +3 +40 )
 conv 4.84246e-21
 iter 49
 roots (0.218649,0) (0.44742,0) (-0.162219,1.55127) (-0.170815,0.5) (-0.170815,-0.5) (-0.162219,-1.55127)
 dirty (0.5,-3.53395e-17) (1.5,0) (-6.5,-4.50306e-12) (-2.5,-3.27478e-08) (-1.5,3.27478e-08) (-5.5,4.5031e-12)

 base=(2 0 0 1)  2I=(-3 +5   +0) 
 guess-2J=(-1 +3 +36 )
 conv 4.11147e-21
 iter 47
 roots (-0.250949,0) (0.471727,0) (-0.0555549,1.55912) (-0.0548344,0.5) (-0.0548344,-0.5) (-0.0555549,-1.55912)
 dirty (-0.5,-3.53395e-17) (1.5,-3.53395e-17) (-5.5,1.67748e-12) (-4.5,-0.0172499) (-3.5,0.0172499) (-4.5,-1.67742e-12)

 base=(2 0 0 1)  2I=(+1 -5   +0) 
 guess-2J=(-1 -3 +36 )
 conv 4.37597e-21
 iter 46
 roots (0.0864968,0) (-0.46534,0) (0.0925001,1.56273) (0.0969212,0.5) (0.0969212,-0.5) (0.0925001,-1.56273)
 dirty (1.5,0) (-1.5,0) (5.5,-1.73036e-12) (1.5,3.87244e-06) (2.5,-3.87244e-06) (6.5,1.73029e-12)

 base=(2 0 0 1)  2I=(-1 -5   +0) 
 guess-2J=(+1 -3 +32 )
 conv 9.46521e-21
 iter 46
 roots (-0.0604593,0) (-0.457645,0) (0.125185,1.55899) (0.133867,0.5) (0.133867,-0.5) (0.125185,-1.55899)
 dirty (0.5,3.53395e-17) (-1.5,3.53395e-17) (5.5,-6.93704e-12) (1.5,-2.99886e-07) (2.5,2.99886e-07) (6.5,6.937e-12)

 base=(2 0 0 1)  2I=(+3 -5   +0) 
 guess-2J=(+1 -3 +36 )
 conv 4.11148e-21
 iter 47
 roots (0.250949,0) (-0.471727,0) (0.0555549,1.55912) (0.0548344,0.5) (0.0548344,-0.5) (0.0555549,-1.55912)
 dirty (0.5,0) (-1.5,0) (4.5,1.67734e-12) (3.5,-0.0172499) (4.5,0.0172499) (5.5,-1.67728e-12)

 base=(2 0 0 1)  2I=(-3 -5   +0) 
 guess-2J=(-1 -3 +32 )
 conv 4.84247e-21
 iter 49
 roots (-0.218649,0) (-0.44742,0) (0.162219,1.55127) (0.170815,0.5) (0.170815,-0.5) (0.162219,-1.55127)
 dirty (-0.5,3.53395e-17) (-1.5,3.53395e-17) (5.5,-4.50292e-12) (1.5,-3.27478e-08) (2.5,3.27478e-08) (6.5,4.50296e-12)

 base=(2 0 0 1)  2I=(+5 -5   +0) 
 guess-2J=(+3 -3 +36 )
 conv 7.89843e-21
 iter 37
 roots (0.478119,0) (-0.478119,0) (0,1.54762) (0,0.5) (-0,-0.5) (-0,-1.54762)
 dirty (1.5,0) (-1.5,0) (4.5,-2.16944e-10) (2.5,0) (-2.5,0) (-4.5,2.16944e-10)

 base=(2 0 0 1)  2I=(+1 +7   +0) 
 guess-2J=(-1 +5 +40 )
 conv 8.69347e-21
 iter 47
 roots (0.0493887,0) (0.907582,0) (-0.244348,1.54046) (-0.234138,0.5) (-0.234138,-0.5) (-0.244348,-1.54046)
 dirty (-0.5,3.53395e-17) (2.5,0) (-4.5,-3.90272e-12) (-4.5,-4.12318e-10) (-3.5,4.12318e-10) (-3.5,3.90275e-12)

 base=(2 0 0 1)  2I=(-1 +7   +0) 
 guess-2J=(+1 +5 +36 )
 conv 8.42042e-21
 iter 47
 roots (-0.0950765,0) (0.919957,0) (-0.212695,1.54248) (-0.199745,0.5) (-0.199745,-0.5) (-0.212695,-1.54248)
 dirty (-1.5,0) (2.5,0) (-4.5,-6.33823e-12) (-4.5,6.19291e-09) (-3.5,-6.19291e-09) (-3.5,6.33814e-12)

 base=(2 0 0 1)  2I=(+3 +7   +0) 
 guess-2J=(+1 +5 +40 )
 conv 6.06926e-21
 iter 47
 roots (0.202928,0) (0.890544,0) (-0.27825,1.53608) (-0.268485,0.5) (-0.268485,-0.5) (-0.27825,-1.53608)
 dirty (0.5,-3.53395e-17) (2.5,1.76697e-17) (-4.5,-4.80785e-12) (-4.5,-9.01383e-10) (-3.5,9.01383e-10) (-3.5,4.80787e-12)

 base=(2 0 0 1)  2I=(-3 +7   +0) 
 guess-2J=(-1 +5 +36 )
 conv 4.06909e-21
 iter 48
 roots (-0.258458,0) (0.929907,0) (-0.175985,1.53949) (-0.159739,0.5) (-0.159739,-0.5) (-0.175985,-1.53949)
 dirty (-0.5,-3.53395e-17) (2.5,0) (-5.5,-8.75479e-12) (-4.5,3.67785e-09) (-3.5,-3.67785e-09) (-4.5,8.75479e-12)

 base=(2 0 0 1)  2I=(+5 +7   +0) 
 guess-2J=(+3 +5 +40 )
 conv 6.47319e-21
 iter 46
 roots (0.405053,0) (0.862325,0) (-0.322841,1.53032) (-0.310848,0.5) (-0.310848,-0.5) (-0.322841,-1.53032)
 dirty (1.5,0) (2.5,1.76697e-17) (-4.5,-9.3624e-12) (-4.5,-4.71938e-10) (-3.5,4.71938e-10) (-3.5,9.36228e-12)

 base=(2 0 0 1)  2I=(-5 +7   +0) 
 guess-2J=(-3 +5 +36 )
 conv 4.49708e-21
 iter 49
 roots (-0.485621,0) (0.938872,0) (-0.120335,1.53045) (-0.106291,0.5) (-0.106291,-0.5) (-0.120335,-1.53045)
 dirty (-1.5,0) (2.5,1.76697e-17) (-5.5,-1.04371e-11) (-4.5,-1.05175e-05) (-3.5,1.05175e-05) (-4.5,1.0437e-11)

 base=(2 0 0 1)  2I=(+1 -7   +0) 
 guess-2J=(-1 -5 +36 )
 conv 8.42043e-21
 iter 47
 roots (0.0950765,0) (-0.919957,0) (0.212695,1.54248) (0.199745,0.5) (0.199745,-0.5) (0.212695,-1.54248)
 dirty (1.5,0) (-2.5,0) (3.5,-6.3383e-12) (3.5,6.19291e-09) (4.5,-6.19291e-09) (4.5,6.33821e-12)

 base=(2 0 0 1)  2I=(-1 -7   +0) 
 guess-2J=(+1 -5 +32 )
 conv 8.69345e-21
 iter 47
 roots (-0.0493887,0) (-0.907582,0) (0.244348,1.54046) (0.234138,0.5) (0.234138,-0.5) (0.244348,-1.54046)
 dirty (0.5,0) (-2.5,0) (3.5,-3.90286e-12) (3.5,-4.12317e-10) (4.5,4.12317e-10) (4.5,3.90289e-12)

 base=(2 0 0 1)  2I=(+3 -7   +0) 
 guess-2J=(+1 -5 +36 )
 conv 4.06907e-21
 iter 48
 roots (0.258458,0) (-0.929907,0) (0.175985,1.53949) (0.159739,0.5) (0.159739,-0.5) (0.175985,-1.53949)
 dirty (0.5,3.53395e-17) (-2.5,1.76697e-17) (4.5,-8.75571e-12) (3.5,3.67786e-09) (4.5,-3.67786e-09) (5.5,8.75571e-12)

 base=(2 0 0 1)  2I=(-3 -7   +0) 
 guess-2J=(-1 -5 +32 )
 conv 6.0693e-21
 iter 47
 roots (-0.202928,0) (-0.890544,0) (0.27825,1.53608) (0.268485,0.5) (0.268485,-0.5) (0.27825,-1.53608)
 dirty (-0.5,-3.53395e-17) (-2.5,1.76697e-17) (3.5,-4.80799e-12) (3.5,-9.01384e-10) (4.5,9.01383e-10) (4.5,4.80801e-12)

 base=(2 0 0 1)  2I=(+5 -7   +0) 
 guess-2J=(+3 -5 +36 )
 conv 4.49709e-21
 iter 49
 roots (0.485621,0) (-0.938872,0) (0.120335,1.53045) (0.106291,0.5) (0.106291,-0.5) (0.120335,-1.53045)
 dirty (1.5,-3.53395e-17) (-2.5,-1.76697e-17) (4.5,-1.04366e-11) (3.5,-1.05175e-05) (4.5,1.05175e-05) (5.5,1.04367e-11)

 base=(2 0 0 1)  2I=(-5 -7   +0) 
 guess-2J=(-3 -5 +32 )
 conv 6.47316e-21
 iter 46
 roots (-0.405053,0) (-0.862325,0) (0.322841,1.53032) (0.310848,0.5) (0.310848,-0.5) (0.322841,-1.53032)
 dirty (-1.5,0) (-2.5,-1.76697e-17) (3.5,-9.36198e-12) (3.5,-4.71938e-10) (4.5,4.71938e-10) (4.5,9.362e-12)

 base=(2 0 0 1)  2I=(+7 -7   +0) 
 guess-2J=(+5 -5 +36 )
 conv 4.3734e-21
 iter 32
 roots (0.94689,0) (-0.94689,0) (0,1.52023) (0,0.5) (-0,-0.5) (-0,-1.52023)
 dirty (2.5,0) (-2.5,0) (4.5,-4.01486e-10) (2.5,0) (-2.5,0) (-4.5,4.01486e-10)
28 states scanned
0 not converged: 

 base=(0 1 0 1)  2I=( +0  +0) 
 guess-2J=(+8 +32 )
 conv nan
 iter 21
 not converged

 base=(0 1 0 1)  2I=( +2  +0) 
 guess-2J=(+10 +40 )
 conv 6.04401e-21
 iter 74
 roots (0.397012,0.499984) (0.397012,-0.499984) (-0.189544,1.53326) (-0.207468,0.5) (-0.207468,-0.5) (-0.189544,-1.53326)
 dirty (2.5,1.02173e-10) (2.5,-1.02173e-10) (-6.5,-5.84148e-12) (-2.5,-4.93206e-09) (-1.5,4.93207e-09) (-5.5,5.84148e-12)

 base=(0 1 0 1)  2I=( -2  +0) 
 guess-2J=(+14 +32 )
 conv 6.044e-21
 iter 74
 roots (-0.397012,0.499984) (-0.397012,-0.499984) (0.189544,1.53326) (0.207468,0.5) (0.207468,-0.5) (0.189544,-1.53326)
 dirty (-2.5,1.02174e-10) (-2.5,-1.02174e-10) (5.5,-5.84134e-12) (1.5,-4.93206e-09) (2.5,4.93206e-09) (6.5,5.84148e-12)

 base=(0 1 0 1)  2I=( +4  +0) 
 guess-2J=(+12 +40 )
 conv 5.46648e-21
 iter 46
 roots (0.887207,0.513582) (0.887207,-0.513582) (-0.453318,1.51536) (-0.433889,0.500001) (-0.433889,-0.500001) (-0.453318,-1.51536)
 dirty (2.5,-2.41357e-11) (3.5,2.41357e-11) (-4.5,-1.84767e-11) (-4.5,-2.29489e-10) (-3.5,2.29489e-10) (-3.5,1.84766e-11)

 base=(0 1 0 1)  2I=( -4  +0) 
 guess-2J=(+12 +32 )
 conv 5.46647e-21
 iter 46
 roots (-0.887207,0.513582) (-0.887207,-0.513582) (0.453318,1.51536) (0.433889,0.500001) (0.433889,-0.500001) (0.453318,-1.51536)
 dirty (-3.5,-2.41363e-11) (-2.5,2.41363e-11) (3.5,-1.8477e-11) (3.5,-2.2949e-10) (4.5,2.2949e-10) (4.5,1.84769e-11)
5 states scanned
1 not converged: ( 0  0) 

 base=(1 0 0 0 1)  2I=(+0    +0) 
 guess-2J=(-3 +45 )
 conv 9.82233e-21
 iter 118
 roots (-0.658376,0) (0.658376,0) (0,2.71564) (0,1.00005) (0,0) (-0,-1.00005) (-0,-2.71564)
 dirty (-1.5,-1.76697e-17) (1.5,-1.76697e-17) (4,-2.6159e-11) (5,1.51662e-11) (0,-1.06018e-16) (-5,-1.51662e-11) (-4,2.6159e-11)

 base=(1 0 0 0 1)  2I=(+2    +0) 
 guess-2J=(-1 +51 )
 conv 7.21198e-21
 iter 32
 roots (0.141396,0) (-0.026451,2.17568) (-0.0294922,1.00001) (-0.0295102,0) (-0.0294922,-1.00001) (-0.026451,-2.17568)
 dirty (-0.5,-1.76697e-17) (-7.5,4.93861e-13) (-5.5,3.12176e-11) (1.5,8.83487e-17) (-4.5,-3.12174e-11) (-6.5,-4.93905e-13)

 base=(1 0 0 0 1)  2I=(-2    +0) 
 guess-2J=(+1 +45 )
 conv 7.21198e-21
 iter 32
 roots (-0.141396,0) (0.026451,2.17568) (0.0294922,1.00001) (0.0295102,0) (0.0294922,-1.00001) (0.026451,-2.17568)
 dirty (0.5,1.76697e-17) (6.5,4.93861e-13) (4.5,3.12173e-11) (-1.5,8.83487e-17) (5.5,-3.12171e-11) (7.5,-4.93905e-13)

 base=(1 0 0 0 1)  2I=(+4    +0) 
 guess-2J=(+1 +51 )
 conv 7.43792e-21
 iter 36
 roots (0.308535,0) (-0.0587178,2.16889) (-0.0636986,1.00001) (-0.0637025,0) (-0.0636986,-1.00001) (-0.0587178,-2.16889)
 dirty (0.5,-1.76697e-17) (-7.5,-8.03708e-13) (-5.5,-1.18985e-12) (1.5,3.53395e-17) (-4.5,1.18967e-12) (-6.5,8.0362e-13)

 base=(1 0 0 0 1)  2I=(-4    +0) 
 guess-2J=(-1 +45 )
 conv 7.43792e-21
 iter 36
 roots (-0.308535,0) (0.0587178,2.16889) (0.0636986,1.00001) (0.0637025,0) (0.0636986,-1.00001) (0.0587178,-2.16889)
 dirty (-0.5,-1.76697e-17) (6.5,-8.03708e-13) (4.5,-1.19013e-12) (-1.5,3.53395e-17) (5.5,1.18995e-12) (7.5,8.0362e-13)

 base=(1 0 0 0 1)  2I=(+6    +0) 
 guess-2J=(+3 +51 )
 conv 4.60282e-21
 iter 38
 roots (0.551973,0) (-0.108928,2.15391) (-0.111374,1.00001) (-0.111371,0) (-0.111374,-1.00001) (-0.108928,-2.15391)
 dirty (1.5,0) (-7.5,-2.82292e-13) (-4.5,1.88396e-11) (-0.5,7.0679e-17) (-3.5,-1.88396e-11) (-6.5,2.82292e-13)

 base=(1 0 0 0 1)  2I=(-6    +0) 
 guess-2J=(-3 +45 )
 conv 4.60282e-21
 iter 38
 roots (-0.551973,0) (0.108928,2.15391) (0.111374,1.00001) (0.111371,0) (0.111374,-1.00001) (0.108928,-2.15391)
 dirty (-1.5,1.76697e-17) (6.5,-2.82292e-13) (3.5,1.88396e-11) (0.5,7.0679e-17) (4.5,-1.88396e-11) (7.5,2.82292e-13)

 base=(1 0 0 0 1)  2I=(+8    +0) 
 guess-2J=(+5 +51 )
 conv 5.52005e-21
 iter 46
 roots (1.06245,0) (-0.223925,2.12201) (-0.204868,0.999997) (-0.204863,0) (-0.204868,-0.999997) (-0.223925,-2.12201)
 dirty (2.5,0) (-4.5,-1.90052e-12) (-6.5,-4.56995e-11) (-2.5,1.41358e-16) (-5.5,4.56996e-11) (-3.5,1.90049e-12)

 base=(1 0 0 0 1)  2I=(-8    +0) 
 guess-2J=(-5 +45 )
 conv 5.52003e-21
 iter 46
 roots (-1.06245,0) (0.223925,2.12201) (0.204868,0.999997) (0.204863,0) (0.204868,-0.999997) (0.223925,-2.12201)
 dirty (-2.5,-1.76697e-17) (3.5,-1.90066e-12) (5.5,-4.56989e-11) (2.5,1.41358e-16) (6.5,4.56989e-11) (4.5,1.90063e-12)
9 states scanned
0 not converged: ( 0  0) 

 base=(0 0 0 0 0 1)  2I=(     +0) 
 guess-2J=(+60 )
 conv 5.41965e-21
 iter 57
 roots (0,2.84923) (0,1.5007) (0,0.5) (-0,-0.5) (-0,-1.5007) (-0,-2.84923)
 dirty (3.5,-3.26402e-11) (4.5,1.61783e-11) (2.5,0) (-2.5,0) (-4.5,-1.61782e-11) (-3.5,3.26401e-11)
1 states scanned
0 not converged: ( 0  0) 
132 states scanned
1 not converged: ( 0  0) 
