
 iter 0 lcnv 3.839 scnv 1.919 berr 120.2
rts (0,0.5361637013751526) (-1.22141882374142,0.9314085707200493) (-1.302544533002265,0) (-1.22141882374142,-0.9314085707200493) (-0,-0.5361637013751526) (1.22141882374142,-0.9314085707200493) (1.302544533002265,-0) (1.22141882374142,0.9314085707200493)
qns  (7.5,7.751) (-5.451,0.03465) (-4.062,-1.767e-17) (-4.451,-0.03465) (-7.5,-7.751) (5.451,-0.03465) (4.062,0) (4.451,0.03465)

 iter 1 lcnv 5.838 scnv 4.596 berr 0.7644
rts (0,1.798959230508921) (0.755784803710127,1.000481490760149) (0.7574514809487269,0) (0.755784803710127,-1.000481490760149) (-0,-1.798959230508921) (-0.755784803710127,-1.000481490760149) (-0.7574514809487269,-0) (-0.755784803710127,1.000481490760149)
qns  (7.5,0.5455) (4.648,0.1321) (2.576,7.068e-17) (5.648,-0.1321) (-7.5,-0.5455) (-4.648,-0.1321) (-2.576,0) (-5.648,0.1321)

 iter 2 lcnv 0.1457 scnv 0.1143 berr 0.1359
rts (0,1.979421942599907) (0.4211247059489971,0.9999950422305247) (0.4211118772369347,0) (0.4211247059489971,-0.9999950422305247) (-0,-1.979421942599907) (-0.4211247059489971,-0.9999950422305247) (-0.4211118772369347,-0) (-0.4211247059489971,0.9999950422305247)
qns  (7.5,0.1862) (4.496,-0.00293) (2.182,-7.068e-17) (5.496,0.00293) (-7.5,-0.1862) (-4.496,0.00293) (-2.182,0) (-5.496,-0.00293)

 iter 3 lcnv 0.01741 scnv 0.01176 berr 0.01987
rts (0,2.05458745949502) (0.3126523217013356,1.000002796097757) (0.312650026182958,0) (0.3126523217013356,-1.000002796097757) (-0,-2.05458745949502) (-0.3126523217013356,-1.000002796097757) (-0.312650026182958,-0) (-0.3126523217013356,1.000002796097757)
qns  (7.5,0.04713) (4.5,7.854e-06) (1.912,-3.534e-17) (5.5,-7.854e-06) (-7.5,-0.04713) (-4.5,-7.854e-06) (-1.912,0) (-5.5,7.854e-06)

 iter 4 lcnv 0.003835 scnv 0.003261 berr 0.09919
rts (0,2.078545058488416) (0.2555416935228434,1.000001906912556) (0.2555420233192988,0) (0.2555416935228434,-1.000001906912556) (-0,-2.078545058488416) (-0.2555416935228434,-1.000001906912556) (-0.2555420233192988,-0) (-0.2555416935228434,1.000001906912556)
qns  (7.5,-0.02276) (5.5,6.891e-06) (-0.2215,0) (6.5,-6.891e-06) (-7.5,0.02276) (-5.5,-6.891e-06) (0.2215,0) (-6.5,6.891e-06)

 iter 5 lcnv 0.001336 scnv 0.001278 berr 0.1045
rts (0,2.07093388365668) (0.2197865708725768,1.000000902948317) (0.2197875833622777,0) (0.2197865708725768,-1.000000902948317) (-0,-2.07093388365668) (-0.2197865708725768,-1.000000902948317) (-0.2197875833622777,-0) (-0.2197865708725768,1.000000902948317)
qns  (7.5,-0.06741) (5.5,3.47e-06) (-0.2816,-1.414e-16) (6.5,-3.47e-06) (-7.5,0.06741) (-5.5,-3.47e-06) (0.2816,0) (-6.5,3.47e-06)

 iter 6 lcnv 0.0008553 scnv 0.0007169 berr 0.06536
rts (0,2.082700247789125) (0.193012229871678,1.000000293031295) (0.1930132742112174,0) (0.193012229871678,-1.000000293031295) (-0,-2.082700247789125) (-0.193012229871678,-1.000000293031295) (-0.1930132742112174,-0) (-0.193012229871678,1.000000293031295)
qns  (7.5,-0.1046) (5.5,1.441e-06) (-0.3525,-1.06e-16) (6.5,-1.441e-06) (-7.5,0.1046) (-5.5,-1.441e-06) (0.3525,0) (-6.5,1.441e-06)

 iter 7 lcnv 0.001483 scnv 0.0003077 berr 0.09078
rts (0,2.048423200308024) (0.1754711085460147,0.9999997877172317) (0.1754719945927373,0) (0.1754711085460147,-0.9999997877172317) (-0,-2.048423200308024) (-0.1754711085460147,-0.9999997877172317) (-0.1754719945927373,-0) (-0.1754711085460147,0.9999997877172317)
qns  (7.5,-0.1341) (5.5,9.6e-07) (-0.3344,-1.06e-16) (6.5,-9.6e-07) (-7.5,0.1341) (-5.5,-9.6e-07) (0.3344,0) (-6.5,9.6e-07)

 iter 8 lcnv 0.03896 scnv 0.0003704 berr 0.0323
rts (0,2.244862487773986) (0.1562247557501467,1.000000090381737) (0.1562259765663575,0) (0.1562247557501467,-1.000000090381737) (-0,-2.244862487773986) (-0.1562247557501467,-1.000000090381737) (-0.1562259765663575,-0) (-0.1562247557501467,1.000000090381737)
qns  (7.5,-0.07518) (5.5,-3.655e-07) (-0.6025,0) (6.5,3.655e-07) (-7.5,0.07518) (-5.5,3.655e-07) (0.6025,0) (-6.5,-3.655e-07)

 iter 9 lcnv 0.2287 scnv 0.0001406 berr 0.08707
rts (0,2.722981316019768) (0.1680830023032687,1.000001503332492) (0.168084894754021,0) (0.1680830023032687,-1.000001503332492) (-0,-2.722981316019768) (-0.1680830023032687,-1.000001503332492) (-0.168084894754021,-0) (-0.1680830023032687,1.000001503332492)
qns  (7.5,0.05349) (5.5,-2.945e-06) (-0.7017,0) (6.5,2.945e-06) (-7.5,-0.05349) (-5.5,2.945e-06) (0.7017,0) (-6.5,-2.945e-06)

 iter 10 lcnv 0.06929 scnv 0.0005692 berr 0.02482
rts (0,2.460834179660607) (0.1919420738839611,1.000001715018108) (0.1919431309438771,0) (0.1919420738839611,-1.000001715018108) (-0,-2.460834179660607) (-0.1919420738839611,-1.000001715018108) (-0.1919431309438771,-0) (-0.1919420738839611,1.000001715018108)
qns  (7.5,0.0141) (5.5,-1.411e-06) (-0.6105,-7.068e-17) (6.5,1.411e-06) (-7.5,-0.0141) (-5.5,1.411e-06) (0.6105,0) (-6.5,-1.411e-06)

 iter 11 lcnv 0.004664 scnv 0.0001795 berr 0.007692
rts (0,2.393869892139678) (0.2053414168289405,1.000001844003731) (0.2053421107080345,0) (0.2053414168289405,-1.000001844003731) (-0,-2.393869892139678) (-0.2053414168289405,-1.000001844003731) (-0.2053421107080345,-0) (-0.2053414168289405,1.000001844003731)
qns  (7.5,0.001907) (5.5,-7.352e-07) (-0.562,-7.068e-17) (6.5,7.352e-07) (-7.5,-0.001907) (-5.5,7.352e-07) (0.562,0) (-6.5,-7.352e-07)

 iter 12 lcnv 0.0001515 scnv 5.817e-05 berr 0.003584
rts (0,2.384208922272302) (0.2129690365141212,1.000001977288183) (0.21296950037051,0) (0.2129690365141212,-1.000001977288183) (-0,-2.384208922272302) (-0.2129690365141212,-1.000001977288183) (-0.21296950037051,-0) (-0.2129690365141212,1.000001977288183)
qns  (7.5,0.00223) (5.5,-5.867e-07) (-0.5423,0) (6.5,5.867e-07) (-7.5,-0.00223) (-5.5,5.867e-07) (0.5423,0) (-6.5,-5.867e-07)

 iter 13 lcnv 0.004952 scnv 2.756e-05 berr 0.006794
rts (0,2.454380286190606) (0.2182192169248162,1.000002289531425) (0.2182193717109533,0) (0.2182192169248162,-1.000002289531425) (-0,-2.454380286190606) (-0.2182192169248162,-1.000002289531425) (-0.2182193717109533,-0) (-0.2182192169248162,1.000002289531425)
qns  (7.5,0.02007) (5.5,-1.073e-06) (-0.5547,-3.534e-17) (6.5,1.073e-06) (-7.5,-0.02007) (-5.5,1.073e-06) (0.5547,0) (-6.5,-1.073e-06)

 iter 14 lcnv 0.006162 scnv 4.701e-05 berr 0.0004079
rts (0,2.376184982517707) (0.2250756540451106,1.000002167709167) (0.2250757022801531,0) (0.2250756540451106,-1.000002167709167) (-0,-2.376184982517707) (-0.2250756540451106,-1.000002167709167) (-0.2250757022801531,-0) (-0.2250756540451106,1.000002167709167)
qns  (7.5,0.004951) (5.5,1.052e-07) (-0.5134,-1.06e-16) (6.5,-1.052e-07) (-7.5,-0.004951) (-5.5,-1.052e-07) (0.5134,0) (-6.5,1.052e-07)

 iter 15 lcnv 0.0005295 scnv 2.854e-06 berr 7.179e-08
rts (0,2.353236332200403) (0.2267649353776864,1.000002124642424) (0.226764978576886,0) (0.2267649353776864,-1.000002124642424) (-0,-2.353236332200403) (-0.2267649353776864,-1.000002124642424) (-0.226764978576886,-0) (-0.2267649353776864,1.000002124642424)
qns  (7.5,6.092e-05) (5.5,8.175e-08) (-0.5002,1.414e-16) (6.5,-8.175e-08) (-7.5,-6.092e-05) (-5.5,-8.175e-08) (0.5002,0) (-6.5,8.175e-08)

 iter 16 lcnv 7.673e-08 scnv 5.139e-10 berr 2.058e-10
rts (0,2.352960252668716) (0.2267876056616042,1.000002124155957) (0.2267876487506266,0) (0.2267876056616042,-1.000002124155957) (-0,-2.352960252668716) (-0.2267876056616042,-1.000002124155957) (-0.2267876487506266,-0) (-0.2267876056616042,1.000002124155957)
qns  (7.5,2.363e-06) (5.5,8.441e-10) (-0.5,-7.068e-17) (6.5,-8.441e-10) (-7.5,-2.363e-06) (-5.5,-8.441e-10) (0.5,0) (-6.5,8.441e-10)

 iter 17 lcnv 7.302e-11 scnv 1.552e-12 berr 2.559e-11
rts (0,2.3529517990949) (0.2267888516452712,1.00000212414951) (0.2267888947104904,0) (0.2267888516452712,-1.00000212414951) (-0,-2.3529517990949) (-0.2267888516452712,-1.00000212414951) (-0.2267888947104904,-0) (-0.2267888516452712,1.00000212414951)
qns  (7.5,8.116e-07) (5.5,-2.559e-11) (-0.5,3.534e-17) (6.5,2.559e-11) (-7.5,-8.116e-07) (-5.5,2.559e-11) (0.5,0) (-6.5,-2.559e-11)

 iter 18 lcnv 1.935e-12 scnv 1.935e-13 berr 8.595e-12
rts (0,2.35295047932805) (0.2267892915163068,1.000002124152252) (0.2267893345687129,0) (0.2267892915163068,-1.000002124152252) (-0,-2.35295047932805) (-0.2267892915163068,-1.000002124152252) (-0.2267893345687129,-0) (-0.2267892915163068,1.000002124152252)
qns  (7.5,6.77e-07) (5.5,-2.356e-11) (-0.5,0) (6.5,2.356e-11) (-7.5,-6.77e-07) (-5.5,2.356e-11) (0.5,0) (-6.5,-2.356e-11)

 iter 19 lcnv 1.172e-12 scnv 6.121e-14 berr 2.413e-12
rts (0,2.352949425399716) (0.2267895389268623,1.000002124152856) (0.226789581972888,0) (0.2267895389268623,-1.000002124152856) (-0,-2.352949425399716) (-0.2267895389268623,-1.000002124152856) (-0.226789581972888,-0) (-0.2267895389268623,1.000002124152856)
qns  (7.5,5.239e-07) (5.5,-1.862e-11) (-0.5,3.534e-17) (6.5,1.861e-11) (-7.5,-5.239e-07) (-5.5,1.862e-11) (0.5,0) (-6.5,-1.862e-11)

 iter 20 lcnv 1.131e-13 scnv 1.486e-14 berr 2.272e-12
rts (0,2.352949738838792) (0.2267896608416449,1.000002124155662) (0.2267897038823182,0) (0.2267896608416449,-1.000002124155662) (-0,-2.352949738838792) (-0.2267896608416449,-1.000002124155662) (-0.2267897038823182,-0) (-0.2267896608416449,1.000002124155662)
qns  (7.5,6.551e-07) (5.5,-1.291e-11) (-0.5,7.068e-17) (6.5,1.291e-11) (-7.5,-6.551e-07) (-5.5,1.291e-11) (0.5,0) (-6.5,-1.291e-11)

 iter 21 lcnv 5.317e-14 scnv 1.127e-14 berr 1.394e-12
rts (0,2.352949534143032) (0.2267897670062018,1.000002124156667) (0.2267898100434808,0) (0.2267897670062018,-1.000002124156667) (-0,-2.352949534143032) (-0.2267897670062018,-1.000002124156667) (-0.2267898100434808,-0) (-0.2267897670062018,1.000002124156667)
qns  (7.5,6.509e-07) (5.5,-1.22e-11) (-0.5,0) (6.5,1.22e-11) (-7.5,-6.509e-07) (-5.5,1.22e-11) (0.5,0) (-6.5,-1.22e-11)

 iter 22 lcnv 1.534e-11 scnv 4.359e-15 berr 3.737e-12
rts (0,2.352945618400159) (0.226789833010038,1.000002124145879) (0.2267898760552527,0) (0.226789833010038,-1.000002124145879) (-0,-2.352945618400159) (-0.226789833010038,-1.000002124145879) (-0.2267898760552527,-0) (-0.226789833010038,1.000002124145879)
qns  (7.5,-2.918e-07) (5.5,3.557e-11) (-0.5,-3.534e-17) (6.5,-3.557e-11) (-7.5,2.918e-07) (-5.5,-3.557e-11) (0.5,0) (-6.5,3.557e-11)

 iter 23 lcnv 1.283e-11 scnv 2.844e-14 berr 1.253e-12
rts (0,2.352949195885061) (0.2267896643838483,1.00000212415408) (0.2267897074258298,0) (0.2267896643838483,-1.00000212415408) (-0,-2.352949195885061) (-0.2267896643838483,-1.00000212415408) (-0.2267897074258298,-0) (-0.2267896643838483,1.00000212415408)
qns  (7.5,5.219e-07) (5.5,-2.243e-11) (-0.5,0) (6.5,2.243e-11) (-7.5,-5.219e-07) (-5.5,2.243e-11) (0.5,0) (-6.5,-2.243e-11)

 iter 24 lcnv 4.922e-14 scnv 5.647e-15 berr 1.288e-12
rts (0,2.35294940462081) (0.2267897395363146,1.000002124155857) (0.2267897825749557,0) (0.2267897395363146,-1.000002124155857) (-0,-2.35294940462081) (-0.2267897395363146,-1.000002124155857) (-0.2267897825749557,-0) (-0.2267897395363146,1.000002124155857)
qns  (7.5,6.067e-07) (5.5,-2.928e-12) (-0.5,3.534e-17) (6.5,2.928e-12) (-7.5,-6.067e-07) (-5.5,2.928e-12) (0.5,0) (-6.5,-2.928e-12)

 iter 25 lcnv 1.282e-14 scnv 4.395e-15 berr 9.858e-13
rts (0,2.35294931284991) (0.2267898058389241,1.000002124156593) (0.2267898488753498,0) (0.2267898058389241,-1.000002124156593) (-0,-2.35294931284991) (-0.2267898058389241,-1.000002124156593) (-0.2267898488753498,-0) (-0.2267898058389241,1.000002124156593)
qns  (7.5,6.13e-07) (5.5,-7.265e-12) (-0.5,7.068e-17) (6.5,7.265e-12) (-7.5,-6.13e-07) (-5.5,7.264e-12) (0.5,0) (-6.5,-7.265e-12)

 iter 26 lcnv 4.054e-13 scnv 1.868e-15 berr 1.804e-12
rts (0,2.352949948080395) (0.2267898490643999,1.000002124159167) (0.2267898920975382,0) (0.2267898490643999,-1.000002124159167) (-0,-2.352949948080395) (-0.2267898490643999,-1.000002124159167) (-0.2267898920975382,-0) (-0.2267898490643999,1.000002124159167)
qns  (7.5,7.895e-07) (5.5,-6.977e-12) (-0.5,0) (6.5,6.977e-12) (-7.5,-7.895e-07) (-5.5,6.978e-12) (0.5,0) (-6.5,-6.977e-12)

 iter 27 lcnv 6.315e-13 scnv 4.442e-15 berr 7.772e-13
rts (0,2.352949156190517) (0.226789915710242,1.000002124157799) (0.2267899587430086,0) (0.226789915710242,-1.000002124157799) (-0,-2.352949156190517) (-0.226789915710242,-1.000002124157799) (-0.2267899587430086,-0) (-0.226789915710242,1.000002124157799)
qns  (7.5,6.223e-07) (5.5,-2.652e-13) (-0.5,0) (6.5,2.652e-13) (-7.5,-6.223e-07) (-5.5,2.652e-13) (0.5,0) (-6.5,-2.652e-13)

 iter 28 lcnv 6.257e-14 scnv 2.233e-17 berr 6.459e-13
rts (0,2.352948906088289) (0.226789920434881,1.000002124157118) (0.2267899634681356,0) (0.226789920434881,-1.000002124157118) (-0,-2.352948906088289) (-0.226789920434881,-1.000002124157118) (-0.2267899634681356,-0) (-0.226789920434881,1.000002124157118)
qns  (7.5,5.623e-07) (5.5,1.11e-12) (-0.5,-1.414e-16) (6.5,-1.111e-12) (-7.5,-5.623e-07) (-5.5,-1.111e-12) (0.5,0) (-6.5,1.111e-12)

 iter 29 lcnv 9.981e-16 scnv 1.081e-16 berr 6.431e-13
rts (0,2.35294893592028) (0.2267899100348635,1.000002124157049) (0.2267899530684246,0) (0.2267899100348635,-1.000002124157049) (-0,-2.35294893592028) (-0.2267899100348635,-1.000002124157049) (-0.2267899530684246,-0) (-0.2267899100348635,1.000002124157049)
qns  (7.5,5.651e-07) (5.5,-5.725e-12) (-0.5,-1.06e-16) (6.5,5.725e-12) (-7.5,-5.651e-07) (-5.5,5.725e-12) (0.5,0) (-6.5,-5.725e-12)

 iter 30 lcnv 2.081e-15 scnv 3.511e-17 berr 6.588e-13
rts (0,2.352948981151848) (0.2267899041094181,1.000002124157095) (0.226789947143079,0) (0.2267899041094181,-1.000002124157095) (-0,-2.352948981151848) (-0.2267899041094181,-1.000002124157095) (-0.226789947143079,-0) (-0.2267899041094181,1.000002124157095)
qns  (7.5,5.737e-07) (5.5,-7.209e-12) (-0.5,0) (6.5,7.209e-12) (-7.5,-5.737e-07) (-5.5,7.209e-12) (0.5,0) (-6.5,-7.209e-12)

 iter 31 lcnv 5.151e-16 scnv 3.288e-18 berr 6.446e-13
rts (0,2.352948958528361) (0.2267899022959178,1.000002124156999) (0.226789945329706,0) (0.2267899022959178,-1.000002124156999) (-0,-2.352948958528361) (-0.2267899022959178,-1.000002124156999) (-0.226789945329706,-0) (-0.2267899022959178,1.000002124156999)
qns  (7.5,5.673e-07) (5.5,3.736e-12) (-0.5,7.068e-17) (6.5,-3.735e-12) (-7.5,-5.673e-07) (-5.5,-3.735e-12) (0.5,0) (-6.5,3.736e-12)

 iter 32 lcnv 6.127e-17 scnv 6.621e-18 berr 6.456e-13
rts (0,2.35294896592061) (0.2267898997226482,1.000002124156982) (0.2267899427565123,0) (0.2267898997226482,-1.000002124156982) (-0,-2.35294896592061) (-0.2267898997226482,-1.000002124156982) (-0.2267899427565123,-0) (-0.2267898997226482,1.000002124156982)
qns  (7.5,5.68e-07) (5.5,-1.238e-12) (-0.5,-1.06e-16) (6.5,1.238e-12) (-7.5,-5.68e-07) (-5.5,1.238e-12) (0.5,0) (-6.5,-1.238e-12)

 iter 33 lcnv 2.131e-16 scnv 2.148e-18 berr 6.521e-13
rts (0,2.352948980443772) (0.2267898982571332,1.000002124157003) (0.2267899412910131,0) (0.2267898982571332,-1.000002124157003) (-0,-2.352948980443772) (-0.2267898982571332,-1.000002124157003) (-0.2267899412910131,-0) (-0.2267898982571332,1.000002124157003)
qns  (7.5,5.71e-07) (5.5,-5.135e-12) (-0.5,-7.068e-17) (6.5,5.135e-12) (-7.5,-5.71e-07) (-5.5,5.135e-12) (0.5,0) (-6.5,-5.135e-12)

 iter 34 lcnv 5.963e-17 scnv 6.96e-20 berr 6.475e-13
rts (0,2.352948972726217) (0.2267898979932487,1.000002124156976) (0.2267899410271588,0) (0.2267898979932487,-1.000002124156976) (-0,-2.352948972726217) (-0.2267898979932487,-1.000002124156976) (-0.2267899410271588,-0) (-0.2267898979932487,1.000002124156976)
qns  (7.5,5.69e-07) (5.5,-7.605e-12) (-0.5,0) (6.5,7.605e-12) (-7.5,-5.69e-07) (-5.5,7.605e-12) (0.5,0) (-6.5,-7.605e-12)

 iter 35 lcnv 3.401e-18 scnv 3.836e-19 berr 6.478e-13
rts (0,2.352948974463159) (0.2267898973738736,1.000002124156972) (0.226789940407802,0) (0.2267898973738736,-1.000002124156972) (-0,-2.352948974463159) (-0.2267898973738736,-1.000002124156972) (-0.226789940407802,-0) (-0.2267898973738736,1.000002124156972)
qns  (7.5,5.691e-07) (5.5,-6.99e-12) (-0.5,1.414e-16) (6.5,6.99e-12) (-7.5,-5.691e-07) (-5.5,6.99e-12) (0.5,0) (-6.5,-6.991e-12)

 iter 36 lcnv 1.062e-17 scnv 1.261e-19 berr 6.493e-13
rts (0,2.352948977703104) (0.2267898970187862,1.000002124156976) (0.2267899400527192,0) (0.2267898970187862,-1.000002124156976) (-0,-2.352948977703104) (-0.2267898970187862,-1.000002124156976) (-0.2267899400527192,-0) (-0.2267898970187862,1.000002124156976)
qns  (7.5,5.698e-07) (5.5,7.911e-13) (-0.5,3.534e-17) (6.5,-7.91e-13) (-7.5,-5.698e-07) (-5.5,-7.911e-13) (0.5,0) (-6.5,7.91e-13)

 iter 37 lcnv 3.079e-18 scnv 6.298e-21 berr 6.482e-13
rts (0,2.352948975950076) (0.2267898969394098,1.00000212415697) (0.2267899399733505,0) (0.2267898969394098,-1.00000212415697) (-0,-2.352948975950076) (-0.2267898969394098,-1.00000212415697) (-0.2267899399733505,-0) (-0.2267898969394098,1.00000212415697)
qns  (7.5,5.693e-07) (5.5,4.796e-12) (-0.5,-7.068e-17) (6.5,-4.796e-12) (-7.5,-5.693e-07) (-5.5,-4.796e-12) (0.5,0) (-6.5,4.796e-12)

 iter 38 lcnv 2.212e-19 scnv 2.398e-20 berr 6.483e-13
rts (0,2.352948976394166) (0.2267898967845609,1.000002124156969) (0.2267899398185061,0) (0.2267898967845609,-1.000002124156969) (-0,-2.352948976394166) (-0.2267898967845609,-1.000002124156969) (-0.2267899398185061,-0) (-0.2267898967845609,1.000002124156969)
qns  (7.5,5.694e-07) (5.5,-1.406e-12) (-0.5,3.534e-17) (6.5,1.406e-12) (-7.5,-5.694e-07) (-5.5,1.407e-12) (0.5,0) (-6.5,-1.406e-12)

 iter 39 lcnv 6.554e-19 scnv 7.784e-21 berr 6.487e-13
rts (0,2.352948977198935) (0.2267898966963307,1.00000212415697) (0.2267899397302771,0) (0.2267898966963307,-1.00000212415697) (-0,-2.352948977198935) (-0.2267898966963307,-1.00000212415697) (-0.2267899397302771,-0) (-0.2267898966963307,1.00000212415697)
qns  (7.5,5.695e-07) (5.5,1.095e-12) (-0.5,-1.414e-16) (6.5,-1.095e-12) (-7.5,-5.695e-07) (-5.5,-1.095e-12) (0.5,0) (-6.5,1.095e-12)
